neuron,ADFL,ADFR,ADLL,ADLR,AFDL,AFDR,ALML,ALMR,ALNL,ALNR,AQR,ASEL,ASER,ASGL,ASGR,ASHL,ASHR,ASIL,ASIR,ASJL,ASJR,ASKL,ASKR,AUAL,AUAR,AVM,AWAL,AWAR,AWBL,AWBR,AWCL,AWCR,BAGL,BAGR,DVA,FLPL,FLPR,IL2DL,IL2DR,IL2L,IL2R,IL2VL,IL2VR,OLLL,OLLR,OLQDL,OLQDR,OLQVL,OLQVR,SAADL,SAADR,SAAVL,SAAVR,SDQL,SDQR,URBL,URBR,URXL,URXR,URYDL,URYDR,URYVL,URYVR,ADAL,ADAR,AIAL,AIAR,AIBL,AIBR,AINL,AINR,AIYL,AIYR,AIZL,AIZR,AVAL,AVAR,AVBL,AVBR,AVDL,AVDR,AVEL,AVER,AVJL,AVJR,BDUL,BDUR,PVCL,PVCR,PVPL,PVPR,PVR,PVT,RIAL,RIAR,RIBL,RIBR,RIFL,RIFR,RIGL,RIGR,RIH,RIML,RIMR,RIPL,RIPR,RIR,IL1DL,IL1DR,IL1L,IL1R,IL1VL,IL1VR,RIVL,RIVR,RMDDL,RMDDR,RMDL,RMDR,RMDVL,RMDVR,RMED,RMEL,RMER,RMEV,RMFL,RMFR,RMHL,RMHR,SIADL,SIADR,SIAVL,SIAVR,SIBDL,SIBDR,SIBVL,SIBVR,SMBDL,SMBDR,SMBVL,SMBVR,SMDDL,SMDDR,SMDVL,SMDVR,URADL,URADR,URAVL,URAVR,ADEL,ADER,AIML,AIMR,ALA,AVFL,AVFR,AVHL,AVHR,AVKL,AVKR,AVL,CEPDL,CEPDR,CEPVL,CEPVR,DVC,PVQL,PVQR,RICL,RICR,RID,RIS,RMGL,RMGR,BWM-DL01,BWM-DL02,BWM-DL03,BWM-DL04,BWM-DL05,BWM-DL06,BWM-DL07,BWM-DL08,BWM-DR01,BWM-DR02,BWM-DR03,BWM-DR04,BWM-DR05,BWM-DR06,BWM-DR07,BWM-DR08,BWM-VL01,BWM-VL02,BWM-VL03,BWM-VL04,BWM-VL05,BWM-VL06,BWM-VL07,BWM-VL08,BWM-VR01,BWM-VR02,BWM-VR03,BWM-VR04,BWM-VR05,BWM-VR06,BWM-VR07,BWM-VR08
ADFL,0,731,15,0,1740,21,0,0,0,0,7,840,21,72,0,1368,0,7,0,17,0,0,0,2953,197,0,3211,0,5890,176,17,0,0,216,326,0,0,0,0,0,0,0,0,0,0,0,0,101,0,0,0,0,0,0,0,0,0,2568,0,0,0,73,0,299,0,994,0,102,221,0,137,814,0,3008,0,0,0,252,0,0,0,1,10,0,0,0,0,1,0,806,0,0,0,769,0,351,11,973,0,300,0,113,173,0,0,0,2098,0,0,0,0,1,0,0,0,0,0,0,0,0,0,0,0,0,2,0,0,0,0,6,0,573,0,173,0,554,0,727,0,1481,0,0,0,0,0,0,0,0,0,0,0,234,0,0,0,5,2,3197,0,0,0,0,0,13,0,0,0,0,0,0,48,0,3,0,0,0,0,0,0,0,0,0,0,0,0,0,0,0,0,0,0,0,0,0,0,0,0,0,0,0,0,0,0,0,0,0
ADFR,731,0,0,168,38,1822,0,0,0,0,55,496,609,0,24,104,1438,0,53,0,66,0,0,6,2848,226,0,3847,253,6179,148,84,117,21,198,0,0,0,0,0,0,0,0,0,0,0,0,0,152,0,0,0,0,0,0,0,0,0,2557,0,0,0,22,0,238,0,810,150,173,89,316,0,1135,128,3239,0,0,14,475,12,4,2,149,0,0,0,0,44,0,0,266,0,0,0,631,44,631,174,416,7,384,64,4,30,0,0,1560,0,1,0,0,0,0,0,0,0,0,0,0,0,0,0,0,0,0,0,1,0,0,3,4,0,813,1,66,0,464,0,711,0,1511,18,0,0,0,0,0,0,0,0,0,0,154,4,8,17,1992,0,0,0,0,0,0,0,0,0,0,12,216,0,27,0,0,0,0,0,0,0,0,0,0,0,0,0,0,0,0,0,0,0,0,0,0,0,0,0,0,0,0,0,0,0,0,0,0,0
ADLL,15,0,0,204,27,0,102,0,0,0,120,1599,1,383,0,1730,0,354,14,213,0,1757,717,0,0,0,2315,0,2451,0,1112,831,0,2,21,0,0,326,0,243,0,0,0,218,0,278,0,32,0,0,43,0,0,127,0,158,0,3,0,137,0,71,0,963,0,1346,126,1377,7,2,0,140,0,76,0,569,56,266,57,314,1420,18,0,305,499,0,0,959,0,867,0,0,0,0,0,0,0,262,0,7,0,0,0,0,0,0,6,155,0,134,0,0,0,0,0,0,0,0,0,0,0,0,0,0,0,0,0,0,0,0,126,0,0,0,94,0,0,0,11,1149,0,0,3,0,0,204,0,0,0,0,0,24,0,2767,506,169,212,1136,0,0,0,0,0,0,0,0,1515,0,0,0,39,0,256,0,0,0,0,0,0,0,0,0,0,0,0,0,0,0,0,0,0,0,0,0,0,0,0,0,0,0,0,0,0,0,0,0
ADLR,0,168,204,0,0,6,0,69,0,9,17,11,1544,0,113,0,2282,0,894,0,153,0,2729,0,0,0,0,2759,0,2530,241,1480,0,0,25,0,0,0,37,0,167,0,0,0,217,0,221,0,83,14,0,0,0,0,83,0,124,0,10,0,97,0,119,0,1063,0,1253,0,1443,26,23,0,96,0,130,0,377,17,240,1213,260,0,81,468,304,0,0,142,281,0,817,0,0,0,0,0,0,0,449,0,76,0,0,0,0,6,22,0,161,0,68,0,0,0,0,0,0,0,0,0,0,0,0,0,0,0,0,0,0,59,0,0,0,92,0,6,0,12,0,0,1454,12,0,0,0,0,73,0,0,0,7,0,2,1633,572,110,1396,523,0,0,0,0,0,0,0,0,0,1321,0,0,0,0,0,201,0,0,0,0,0,0,0,0,0,0,0,0,0,0,0,0,0,0,0,0,0,0,0,0,0,0,0,0,0,0,0,0
AFDL,1740,38,27,0,0,345,0,0,0,0,0,153,2125,3,0,0,0,800,0,0,0,0,0,5218,163,0,1230,0,1521,7,657,695,0,1527,47,0,0,62,0,62,0,0,0,84,0,147,0,0,0,0,0,7,0,0,0,7,0,699,0,56,0,0,0,0,0,234,0,453,80,780,4098,6030,17,1259,0,6,0,0,0,0,0,0,0,0,0,0,0,0,0,0,0,0,0,102,0,354,16,0,0,0,0,28,7,0,0,0,83,92,0,2,0,0,0,29,0,0,0,0,0,0,0,0,0,0,0,0,0,0,0,0,0,0,0,302,0,0,0,0,0,52,0,0,0,0,0,45,0,0,0,0,0,0,0,0,0,0,0,14,0,0,0,5,0,302,0,0,0,0,0,0,0,0,0,0,0,0,0,0,0,0,0,0,0,0,0,0,0,0,0,0,0,0,0,0,0,0,0,0,0,0,0,0,0,0,0,0
AFDR,21,1822,0,6,345,0,0,0,0,0,0,2871,232,0,84,0,0,0,646,0,0,0,1,0,3950,150,0,1483,11,958,481,455,1642,7,0,0,0,0,49,0,200,0,0,0,231,0,132,0,0,0,0,118,11,0,0,0,104,0,525,0,63,0,0,0,0,0,257,0,635,3900,2595,93,6078,0,1082,0,28,0,0,0,0,0,0,0,0,0,0,0,0,0,0,0,0,0,53,0,378,0,0,0,9,1,0,0,0,0,41,0,156,0,40,0,0,0,25,0,0,0,0,0,0,0,0,0,0,0,0,0,0,0,0,0,0,0,285,0,0,0,0,0,0,0,0,0,4,0,31,0,0,0,0,0,0,0,0,0,0,0,0,0,0,0,53,0,7,0,0,0,0,0,145,0,0,0,0,0,0,0,0,0,0,0,0,0,0,0,0,0,0,0,0,0,0,0,0,0,0,0,0,0,0,0,0,0,0,0
ALML,0,0,102,0,0,0,0,0,797,0,18,0,0,0,0,135,0,0,0,165,0,43,0,0,0,976,2,0,0,0,0,0,0,0,57,0,0,0,0,0,0,0,0,0,0,0,0,432,0,0,612,0,0,3448,0,1225,0,583,0,45,0,487,0,1841,0,0,0,0,0,285,0,0,0,0,0,102,0,678,58,1825,2820,60,0,1304,1373,6771,0,1503,0,0,0,4944,0,0,0,0,0,1710,0,0,0,0,40,0,0,0,0,49,0,190,0,0,0,1,0,0,120,54,0,0,0,0,0,0,0,0,0,0,0,0,1551,4,0,0,1218,0,200,0,913,0,0,73,102,0,0,0,0,0,0,1216,0,1250,0,215,147,269,651,125,0,0,0,820,0,1943,0,0,272,0,0,86,2254,0,546,0,0,0,0,92,0,404,0,49,0,0,0,0,0,0,0,0,0,0,0,0,0,0,0,0,0,0,0,0,0,0,0,0
ALMR,0,0,0,69,0,0,0,0,0,241,71,0,0,0,0,0,208,0,0,0,168,0,87,0,0,2859,0,1,0,129,0,0,0,0,0,0,0,0,0,0,0,0,0,0,8,0,0,0,0,1102,0,0,0,0,2794,0,430,0,586,0,0,0,194,0,1491,0,0,0,0,0,211,0,0,0,0,0,0,185,954,2688,1070,0,202,1166,970,15,6753,1074,1269,0,13,3047,0,0,0,0,0,0,1355,0,0,0,0,0,0,664,0,0,0,0,401,0,0,0,0,192,0,0,0,0,0,0,0,0,0,0,0,5,78,2024,0,0,0,1610,0,947,0,988,0,0,52,163,0,0,0,0,0,0,0,0,832,0,1684,491,29,488,29,639,0,0,0,0,704,0,1330,0,0,100,39,249,0,46,0,1086,0,0,0,0,0,0,0,0,0,0,0,10,0,4,0,43,0,0,0,0,0,0,0,0,0,0,0,0,0,0,0,0
ALNL,0,0,0,0,0,0,797,0,0,0,0,0,0,0,0,12,0,0,0,223,0,27,0,0,0,0,55,0,0,0,0,0,0,0,0,0,0,0,0,0,0,0,0,552,0,0,0,0,0,164,1867,2298,205,385,0,249,0,10,0,0,0,0,0,52,0,0,0,0,34,495,0,0,0,0,0,22,740,6,0,163,0,7,0,59,132,0,0,0,413,0,0,0,0,0,0,0,0,0,0,307,0,0,4,337,0,0,0,0,0,0,0,0,0,556,862,329,386,0,934,51,180,0,0,0,0,509,5,995,2766,0,4355,264,0,7,3293,367,0,0,2953,256,0,238,2735,0,558,0,0,0,0,3196,0,21,0,603,54,533,673,0,0,572,0,0,0,0,0,10,62,0,86,183,9,0,4786,0,0,0,0,37,0,964,0,1,0,0,0,0,0,0,0,0,0,0,0,0,0,0,0,0,0,0,0,0,0,0,0,0
ALNR,0,0,0,9,0,0,0,241,0,0,0,0,24,0,0,0,21,0,0,0,120,0,32,0,0,0,0,15,0,3,0,0,0,0,0,0,0,0,0,0,98,0,0,0,305,0,0,0,0,744,131,349,2235,0,27,0,394,0,205,0,0,0,0,0,73,0,0,96,1,0,274,0,0,0,0,762,5,0,17,0,6,0,0,106,209,0,0,1,0,0,0,0,0,0,91,0,0,0,0,0,276,0,418,11,0,0,0,0,0,0,112,0,0,505,54,342,218,914,14,369,169,0,0,0,0,0,34,1898,2102,5305,0,0,379,1172,89,0,266,2086,8,0,327,2463,1138,1064,97,0,0,0,0,0,3499,0,138,110,19,9,102,556,220,0,0,0,0,0,0,0,0,34,392,37,0,0,0,2953,0,0,0,0,0,0,0,0,0,0,0,178,0,1005,0,208,0,0,0,0,0,0,0,0,0,0,0,0,0,0,0,0
AQR,7,55,120,17,0,0,18,71,0,0,0,2,0,0,0,8,129,0,0,0,0,0,0,32,14,193,0,0,21,41,0,0,895,907,2127,419,394,21,0,0,1,0,20,0,0,4,0,53,23,70,1,76,76,467,132,1,23,140,270,0,0,177,3,532,611,0,0,392,387,0,0,77,86,13,12,1278,1311,1768,2501,353,100,63,1,188,306,0,0,2100,1954,4683,4891,0,401,105,64,70,99,0,42,261,432,0,31,8,0,0,2144,31,0,0,0,0,14,168,84,0,0,0,0,0,0,0,0,0,0,0,0,0,0,141,199,184,200,240,124,742,563,69,44,26,86,0,0,152,35,4,0,12,40,1024,371,0,0,0,0,0,1745,1245,265,157,120,0,0,0,0,632,0,0,93,75,730,0,0,6,0,0,0,0,0,0,0,0,0,0,0,0,0,0,0,0,0,0,0,0,0,0,0,0,0,0,0,0,0,0,0,0
ASEL,840,496,1599,11,153,2871,0,0,0,0,2,0,374,1896,108,819,2,716,990,385,0,1319,2,188,200,0,4847,27,2257,129,2337,452,772,156,0,0,0,30,1,47,75,0,0,54,42,49,40,0,0,0,0,0,48,0,0,14,5,4,1,52,18,0,0,35,0,1523,669,1841,87,1211,274,2340,1899,593,405,0,14,5,0,30,2,0,0,0,0,0,0,0,0,0,36,0,0,0,21,46,0,59,0,0,0,0,0,0,0,0,102,81,34,10,3,0,0,0,0,0,0,0,0,0,0,0,0,0,0,0,0,0,0,0,53,0,0,0,36,0,0,0,0,15,0,0,3,0,0,10,2,0,0,0,0,109,0,332,197,72,24,39,0,0,0,0,0,0,0,0,579,0,0,0,120,0,0,0,0,0,0,0,0,0,0,0,0,0,0,0,0,0,0,0,0,0,0,0,0,0,0,0,0,0,0,0,0,0,0,0
ASER,21,609,1,1544,2125,232,0,0,0,24,0,374,0,0,1581,0,903,826,752,0,860,111,1000,262,188,14,51,4891,33,1951,873,2067,43,337,0,0,0,72,0,143,37,0,0,35,28,134,2,0,0,0,0,106,0,0,0,33,15,5,25,28,59,0,0,0,122,255,1528,157,1999,77,937,1759,2179,481,754,4,0,0,25,32,10,0,0,0,9,0,0,0,0,0,0,0,0,74,0,2,92,0,112,0,0,0,0,1,0,0,101,69,116,26,23,0,0,47,0,6,0,0,0,0,0,0,0,0,0,0,0,0,0,61,0,0,0,45,0,0,0,1,0,0,16,22,0,5,0,28,1,0,0,0,8,0,168,515,720,185,23,5,0,0,0,0,1,0,0,0,0,674,0,0,0,0,0,0,0,0,0,0,0,0,0,0,0,0,0,0,0,0,0,0,0,0,0,0,0,0,0,0,0,0,0,0,0,0,0,0
ASGL,72,0,383,0,3,0,0,0,0,0,0,1896,0,0,0,509,0,3316,0,590,0,1146,0,0,0,0,1352,0,9,0,2290,321,0,96,0,0,0,0,0,0,0,0,0,0,0,0,0,0,0,0,0,0,7,0,0,0,0,0,0,0,0,0,0,0,0,5694,0,1423,0,0,0,285,0,996,0,0,0,190,0,0,42,0,0,0,10,0,0,0,0,0,0,0,0,0,0,0,0,83,0,0,0,0,0,0,0,0,0,0,0,0,0,0,0,0,0,0,0,0,0,0,0,0,0,0,0,0,0,0,0,0,0,0,0,0,0,0,195,0,0,74,0,0,0,0,0,0,0,0,0,0,0,6189,0,0,0,0,0,0,0,0,0,0,0,195,0,0,187,0,16,0,363,0,0,0,0,0,0,0,0,0,0,0,0,0,0,0,0,0,0,0,0,0,0,0,0,0,0,0,0,0,0,0,0,0,0,0
ASGR,0,24,0,113,0,84,0,0,0,0,0,108,1581,0,0,0,603,0,3508,0,554,0,955,0,26,0,0,1376,0,2,624,2483,49,0,0,0,0,0,0,0,0,0,0,0,0,0,0,0,0,0,0,517,0,0,0,0,0,0,0,0,0,0,0,0,0,0,5593,0,1244,545,0,0,975,0,430,0,0,0,66,2,0,0,0,0,0,0,0,0,0,0,0,0,0,0,0,0,0,0,34,0,0,0,0,0,0,0,0,0,0,0,0,0,0,0,0,0,0,0,0,0,0,0,0,0,0,0,0,0,0,0,0,0,0,0,0,0,0,0,0,0,92,0,0,0,0,0,0,0,0,0,0,0,5249,0,0,0,0,0,0,0,0,0,0,0,114,0,0,196,0,72,0,0,0,7,0,0,0,0,0,0,0,0,0,0,0,0,0,0,0,0,0,0,0,0,0,0,0,0,0,0,0,0,0,0,0,0
ASHL,1368,104,1730,0,0,0,135,0,12,0,8,819,0,509,0,0,473,71,0,309,0,1632,0,0,11,0,3043,9,1952,624,3,0,0,0,0,0,0,4,0,36,0,0,0,0,0,116,0,0,0,0,0,0,0,0,0,0,0,987,0,78,0,0,0,3027,131,2005,0,780,0,0,0,19,0,749,0,787,3,1867,160,263,1698,97,0,152,408,0,0,222,25,1272,109,0,0,35,0,0,0,3772,0,0,0,0,242,0,0,0,197,6,0,0,0,0,0,0,0,0,0,0,0,0,0,0,0,0,201,0,0,0,0,0,0,4,0,0,4,42,127,0,0,601,0,0,2,0,4,2,0,0,0,0,0,808,5,40,1746,1612,442,2132,0,0,0,1,0,17,0,0,1794,10,117,0,207,7,532,0,0,0,0,0,0,0,0,0,0,0,0,0,0,0,0,0,0,0,0,0,0,0,0,0,0,0,0,0,0,0,0,0
ASHR,0,1438,0,2282,0,0,0,208,0,21,129,2,903,0,603,473,0,0,40,0,261,0,1198,0,260,81,179,2506,0,2657,0,1,0,0,26,0,0,0,69,0,48,0,0,0,0,0,108,0,0,1,0,0,0,0,0,0,0,0,776,0,108,0,0,0,2942,0,2105,0,1094,0,0,0,0,27,622,13,698,73,2449,1184,325,0,95,454,289,0,107,164,90,41,1601,0,0,0,29,0,0,158,4084,0,0,0,0,185,0,44,213,0,12,0,0,0,0,0,0,0,0,0,0,0,0,0,0,0,0,0,0,0,0,3,0,0,7,27,0,0,36,0,0,0,613,26,0,0,0,0,44,0,0,0,0,0,924,0,2132,1276,2728,248,0,0,0,0,20,0,1,0,0,1688,81,24,0,0,0,553,0,0,0,0,0,0,0,0,0,0,0,0,0,0,0,0,0,0,0,0,0,0,0,0,0,0,0,0,0,0,0,0
ASIL,7,0,354,0,800,0,0,0,0,0,0,716,826,3316,0,71,0,0,359,642,0,1037,0,9,0,0,550,0,811,0,4258,3613,0,239,0,0,0,204,0,302,0,0,0,110,0,116,0,0,0,0,0,155,0,0,0,111,0,4,0,95,0,0,0,0,0,1359,0,553,0,370,396,655,0,137,0,0,0,0,0,0,0,0,0,59,0,0,0,0,0,0,0,0,0,69,0,189,0,0,0,0,0,0,64,0,0,0,0,89,0,246,0,0,0,6,0,0,0,0,0,0,0,0,0,0,0,0,0,0,0,0,0,0,0,0,0,0,0,0,0,0,0,0,0,0,0,29,0,0,0,0,0,353,0,0,0,0,0,0,0,0,0,0,0,232,0,0,0,0,0,0,0,0,0,0,0,0,0,0,0,0,0,0,0,0,0,0,0,0,0,0,0,0,0,0,0,0,0,0,0,0,0,0,0,0,0,0
ASIR,0,53,14,894,0,646,0,0,0,0,0,990,752,0,3508,0,40,359,0,0,793,0,851,0,105,9,0,301,0,1003,2738,4756,336,0,0,0,0,0,10,0,275,0,0,0,45,0,140,0,0,0,0,70,54,0,0,0,47,0,8,0,29,0,0,0,0,27,1595,0,479,596,355,2,912,0,138,0,70,0,0,0,0,0,0,0,5,0,0,0,0,0,0,0,0,0,155,0,61,0,0,0,0,0,0,265,0,0,0,0,29,0,450,0,0,0,4,0,0,0,0,0,0,0,0,0,0,0,0,0,0,0,0,0,0,0,26,0,0,0,0,0,0,0,0,0,20,0,33,0,0,0,1,0,256,0,0,0,0,0,0,0,0,0,0,0,212,0,0,0,0,0,0,0,0,0,0,0,0,0,0,0,0,0,0,0,0,0,0,0,0,0,0,0,0,0,0,0,0,0,0,0,0,0,0,0,0,0
ASJL,17,0,213,0,0,0,165,0,223,0,0,385,0,590,0,309,0,642,0,0,531,4905,281,73,0,0,765,0,761,0,18,0,0,0,0,0,0,65,0,179,0,0,0,62,0,152,0,0,0,0,0,0,0,1,0,68,0,121,0,74,0,0,0,0,0,1073,0,35,0,0,0,0,0,0,0,0,0,0,0,241,0,503,0,229,0,0,0,0,0,0,0,0,0,0,0,180,0,177,0,0,0,0,6,0,0,0,0,81,0,117,0,0,0,0,0,0,0,0,0,0,0,0,0,0,0,0,0,0,0,0,220,0,0,0,117,0,0,0,15,28,0,0,63,0,0,87,0,0,0,104,0,5334,2,2886,1882,1878,359,0,0,0,0,15,0,144,0,0,7481,351,0,0,0,0,288,0,0,0,0,0,0,0,0,0,0,0,0,0,0,0,0,0,0,0,0,0,0,0,0,0,0,0,0,0,0,0,0,0
ASJR,0,66,0,153,0,0,0,168,0,120,0,0,860,0,554,0,261,0,793,531,0,30,5128,0,0,0,0,439,0,396,0,3,0,0,0,0,0,0,146,0,42,0,0,0,91,0,258,0,0,26,0,105,0,0,3,0,42,0,364,0,173,0,0,0,8,0,1834,0,108,0,0,0,0,0,37,0,0,0,0,0,256,0,477,0,233,0,4,0,0,0,0,0,0,0,0,0,52,0,162,0,0,0,0,31,0,0,2,0,202,0,50,0,0,0,0,27,0,0,0,0,0,0,0,0,0,0,0,0,0,89,0,0,0,77,0,0,0,27,0,0,62,96,0,0,0,0,266,0,0,0,107,108,5184,3379,1790,1785,0,180,0,0,0,0,58,0,305,0,0,6943,0,0,0,0,0,436,0,0,0,0,0,0,0,0,0,0,0,0,0,0,0,0,0,0,0,0,0,0,0,0,0,0,0,0,0,0,0,0
ASKL,0,0,1757,0,0,0,43,0,27,0,0,1319,111,1146,0,1632,0,1037,0,4905,30,0,731,0,0,0,1739,153,151,0,518,67,0,0,0,0,0,11,0,108,0,0,0,47,0,46,0,0,0,0,0,0,0,5,0,54,0,2,0,19,0,0,0,478,0,6498,78,1356,0,0,0,0,63,0,0,0,0,4,0,187,73,0,0,210,0,33,0,0,0,0,0,0,0,0,0,31,0,866,0,0,0,0,109,0,0,0,0,15,0,44,0,0,0,0,0,0,0,0,0,0,0,0,0,0,0,0,0,0,0,0,108,0,0,3,60,0,0,0,12,30,0,0,18,0,0,16,0,0,0,31,0,2428,0,1434,1134,332,236,0,0,0,0,0,0,169,0,0,6270,362,0,0,0,0,183,0,0,0,0,0,0,0,0,0,0,0,0,0,0,0,0,0,0,0,0,0,0,0,0,0,0,0,0,0,0,0,0,0
ASKR,0,0,717,2729,0,1,0,87,0,32,0,2,1000,0,955,0,1198,0,851,281,5128,731,0,0,0,0,0,297,0,18,74,364,0,0,0,0,0,0,3,0,70,0,0,0,136,0,218,0,0,15,0,75,0,0,23,0,45,0,14,0,54,0,0,0,563,0,5775,0,1617,0,0,0,21,0,14,0,0,0,10,82,126,0,0,0,170,0,49,0,0,0,0,0,0,0,0,0,0,0,633,0,0,0,0,34,0,0,0,0,23,0,37,0,0,0,0,15,0,0,0,0,0,0,0,0,0,0,0,0,0,345,0,0,0,219,12,0,0,6,0,0,0,29,0,0,0,0,37,0,0,0,24,0,2104,2291,1862,279,0,130,0,0,0,0,0,0,166,0,48,6489,0,0,0,0,0,225,0,0,0,0,0,0,0,0,0,0,0,0,0,0,0,0,0,0,0,0,0,0,0,0,0,0,0,0,0,0,0,0
AUAL,2953,6,0,0,5218,0,0,0,0,0,32,188,262,0,0,0,0,9,0,73,0,0,0,0,3,0,90,0,675,0,114,9,275,839,252,0,0,393,0,171,0,0,0,294,0,93,0,2,0,0,0,31,0,0,0,36,0,3408,0,134,0,3,0,0,0,141,0,102,33,678,2959,2783,0,736,0,306,0,56,0,0,182,515,0,0,0,0,0,0,0,4,0,0,0,713,0,2475,0,0,0,75,0,124,184,0,0,0,351,146,0,5,0,0,0,157,0,0,0,0,0,0,0,0,0,0,33,0,0,0,0,0,0,0,0,63,0,0,0,0,0,0,0,0,0,47,0,90,0,0,0,0,0,0,0,0,0,0,0,28,0,0,0,46,0,348,0,0,0,0,0,0,0,0,0,0,0,0,0,0,0,0,0,0,0,0,0,0,0,0,0,0,0,0,0,0,0,0,0,0,0,0,0,0,0,0,0,0
AUAR,197,2848,0,0,163,3950,0,0,0,0,14,200,188,0,26,11,260,0,105,0,0,0,0,3,0,24,0,12,14,822,3,6,758,317,162,0,0,0,175,0,169,0,0,0,50,0,203,0,30,0,0,0,23,0,0,0,49,0,2500,0,176,0,44,0,21,0,88,58,177,2317,1618,0,2988,65,504,3,373,0,117,164,16,0,755,0,0,0,0,0,0,0,68,0,0,0,966,95,2865,0,176,0,15,129,12,129,0,0,331,0,162,0,92,0,0,0,99,0,0,0,0,0,0,0,0,0,0,0,0,0,0,0,0,0,0,0,148,0,8,0,0,0,13,0,0,0,99,0,75,0,0,0,0,0,28,0,0,0,1,0,0,0,0,0,84,0,147,0,0,0,0,35,166,6,0,0,0,0,0,0,0,0,0,0,0,0,0,0,0,0,0,0,0,0,0,0,0,0,0,0,0,0,0,0,0,0,0,0
AVM,0,226,0,0,0,150,976,2859,0,0,193,0,14,0,0,0,81,0,9,0,0,0,0,0,24,0,0,47,0,2,0,12,0,0,309,3520,115,0,0,0,0,0,0,0,0,0,0,0,0,0,0,1,0,64,0,0,0,0,0,0,0,0,0,159,32,0,0,0,7,0,0,193,428,0,5,0,0,1346,1851,1888,752,273,313,7342,1749,1138,6322,1389,3242,438,422,535,0,0,0,0,143,199,1516,332,210,148,130,630,0,0,0,0,0,0,0,0,0,0,0,0,0,0,0,0,0,0,0,0,0,0,0,0,0,107,0,234,1097,36,74,1330,83,356,169,0,89,10,0,45,0,0,0,0,0,775,970,0,71,0,330,496,292,416,5,33,3,0,0,0,29,0,0,171,0,148,201,1009,0,276,0,0,0,0,0,0,0,0,0,0,0,0,0,0,0,0,0,0,0,0,0,0,0,0,0,0,0,0,0,0,0,0
AWAL,3211,0,2315,0,1230,0,2,0,55,0,0,4847,51,1352,0,3043,179,550,0,765,0,1739,0,90,0,0,0,614,9881,861,361,4,0,232,136,0,0,0,0,49,0,0,0,72,0,31,0,0,0,0,0,0,0,0,0,54,0,46,0,19,0,0,0,6,0,1396,0,448,0,0,0,2196,0,1707,0,0,0,244,0,9,0,0,0,5,0,0,0,0,0,184,0,0,0,12,0,70,0,581,19,1,0,0,2,0,0,0,33,9,0,2,0,0,0,0,0,0,0,0,0,0,0,0,0,0,0,0,0,0,0,0,75,0,0,0,72,0,0,13,8,632,0,0,30,0,0,0,0,0,0,0,0,562,0,677,1692,917,198,1512,0,0,0,0,0,0,0,0,1410,220,0,0,0,0,25,0,0,0,0,0,0,0,0,0,0,0,0,0,0,0,0,0,0,0,0,0,0,0,0,0,0,0,0,0,0,0,0,0
AWAR,0,3847,0,2759,0,1483,0,1,0,15,0,27,4891,0,1376,9,2506,0,301,0,439,153,297,0,12,47,614,0,44,8955,45,289,123,0,11,0,0,0,5,0,51,0,0,0,44,0,50,0,0,0,0,63,0,0,0,0,27,0,191,0,45,0,0,0,105,37,1281,5,407,0,3,0,1689,0,2747,0,5,0,294,1,0,0,0,0,49,0,0,0,0,0,69,0,0,0,13,0,76,0,973,0,35,0,0,2,0,0,65,0,0,0,8,0,0,0,0,4,0,0,0,0,0,0,0,0,0,0,0,0,0,11,0,0,17,13,0,0,72,0,40,0,492,42,0,0,0,0,11,0,0,0,14,0,758,264,990,1194,957,96,0,0,0,0,0,0,0,0,0,1237,114,0,0,0,0,363,0,0,0,0,0,0,0,0,0,0,0,0,0,0,0,0,0,0,0,0,0,0,0,0,0,0,0,0,0,0,0,0
AWBL,5890,253,2451,0,1521,11,0,0,0,0,21,2257,33,9,0,1952,0,811,0,761,0,151,0,675,14,0,9881,44,0,443,210,1,0,31,225,0,0,0,0,44,0,0,0,13,0,0,0,15,0,0,0,0,0,0,0,16,0,525,0,0,0,15,0,545,0,830,0,195,202,0,1,1337,24,2258,0,61,0,95,0,0,0,0,0,0,7,0,0,34,0,822,0,0,0,108,0,679,0,882,0,73,0,2,17,0,0,0,419,0,0,0,0,0,0,0,0,0,0,0,0,0,0,0,0,0,0,0,0,0,0,0,0,13,0,6,36,0,0,297,0,1846,0,0,3,0,0,0,0,0,0,1,0,1323,0,89,781,586,324,3993,0,0,0,0,0,0,0,0,282,0,0,0,0,0,318,0,0,0,0,0,0,0,0,0,0,0,0,0,0,0,0,0,0,0,0,0,0,0,0,0,0,0,0,0,0,0,0,0
AWBR,176,6179,0,2530,7,958,0,129,0,3,41,129,1951,0,2,624,2657,0,1003,0,396,0,18,0,822,2,861,8955,443,0,44,487,2,0,152,0,0,0,0,0,13,0,0,0,10,0,1,0,80,0,0,12,0,0,0,0,0,0,403,0,0,0,43,0,268,0,944,248,400,0,52,0,1013,0,2095,0,190,2,179,0,0,0,0,0,8,0,0,11,17,2,808,0,0,0,66,0,337,65,1278,0,283,0,0,124,0,0,1137,0,0,0,0,0,0,0,0,0,0,0,0,0,0,0,0,0,0,0,0,0,0,10,0,0,7,5,29,0,41,0,92,0,958,18,0,0,0,0,0,0,0,0,0,0,799,46,138,466,4369,17,0,0,0,0,0,0,0,0,0,203,23,0,0,0,0,328,0,0,0,0,0,0,0,0,0,0,0,0,0,0,0,0,0,0,0,0,0,0,0,0,0,0,0,0,0,0,0,0
AWCL,17,148,1112,241,657,481,0,0,0,0,0,2337,873,2290,624,3,0,4258,2738,18,0,518,74,114,3,0,361,45,210,44,0,2694,811,491,0,0,0,98,29,91,25,0,0,54,43,51,108,0,0,0,0,15,43,0,0,47,0,0,1,41,74,0,0,0,0,1400,847,980,199,614,117,1396,986,292,288,0,12,0,0,21,0,0,0,0,0,0,0,0,0,0,0,0,0,0,17,96,0,0,0,0,0,0,142,0,0,0,14,110,71,53,5,0,0,0,0,0,0,0,0,0,0,0,0,0,0,0,0,0,0,0,0,0,0,197,2,0,0,0,0,6,0,0,0,0,0,12,51,0,0,0,0,87,0,0,0,0,0,0,0,0,0,0,0,39,315,0,0,0,0,0,19,0,0,0,0,0,0,0,0,0,0,0,0,0,0,0,0,0,0,0,0,0,0,0,0,0,0,0,0,0,0,0,0,0,0,0
AWCR,0,84,831,1480,695,455,0,0,0,0,0,452,2067,321,2483,0,1,3613,4756,0,3,67,364,9,6,12,4,289,1,487,2694,0,75,586,0,0,0,226,32,270,39,0,0,72,48,106,116,0,0,0,0,29,2,0,0,82,7,0,0,58,37,0,0,0,0,760,1613,342,1232,84,289,498,1227,272,171,0,0,0,0,0,0,0,0,0,0,0,0,0,0,0,0,0,0,4,11,0,59,0,0,0,0,0,0,54,0,0,0,85,66,37,9,0,0,0,0,0,0,0,0,0,0,0,0,0,0,0,0,0,0,5,0,0,0,1,219,0,0,0,0,0,0,0,0,0,0,35,47,0,0,0,0,0,228,104,0,0,0,0,0,0,0,0,0,127,79,0,0,9,0,0,0,0,0,0,0,0,0,0,0,0,0,0,0,0,0,0,0,0,0,0,0,0,0,0,0,0,0,0,0,0,0,0,0,0,0,0
BAGL,0,117,0,0,0,1642,0,0,0,0,895,772,43,0,49,0,0,0,336,0,0,0,0,275,758,0,0,123,0,2,811,75,0,1351,278,0,0,59,99,11,40,0,488,74,0,243,214,0,91,0,16,194,149,0,0,0,2,28,325,112,52,0,90,0,0,0,35,243,11,1185,1093,120,1232,12,476,128,493,67,12,1091,580,356,982,9,0,0,0,75,101,3,116,0,89,0,634,542,1436,0,0,292,839,97,66,36,0,0,606,136,84,0,18,0,132,127,122,0,0,0,0,57,0,0,0,0,0,0,273,0,0,0,14,0,0,58,115,154,138,21,35,0,0,0,0,138,91,47,9,0,23,0,0,0,0,0,0,0,57,0,0,0,0,3,4,0,446,11,0,0,0,0,135,0,0,0,0,0,0,0,0,0,0,0,0,0,0,0,0,0,0,0,0,0,0,0,0,0,0,0,0,0,0,0,0,0,0,0
BAGR,216,21,2,0,1527,7,0,0,0,0,907,156,337,96,0,0,0,239,0,0,0,0,0,839,317,0,232,0,31,0,491,586,1351,0,173,0,0,1,229,2,46,411,0,0,11,45,137,113,0,4,0,63,156,0,0,0,7,510,67,0,57,78,0,0,0,14,0,22,353,5,1361,1398,145,438,3,357,180,0,71,601,295,930,65,0,0,0,0,25,26,169,0,0,61,986,0,1886,631,0,0,864,630,92,149,54,0,0,697,47,84,0,49,55,0,68,56,0,0,0,0,0,0,0,0,0,0,441,38,0,0,0,29,0,0,0,83,93,95,0,25,0,0,0,0,34,115,0,64,88,0,0,0,0,0,0,0,0,0,53,32,19,13,0,49,400,0,92,0,0,0,0,132,0,0,0,0,0,0,0,0,0,0,0,0,0,0,0,0,0,0,0,0,0,0,0,0,0,0,0,0,0,0,0,0,0,0,0
DVA,326,198,21,25,47,0,57,0,0,0,2127,0,0,0,0,0,26,0,0,0,0,0,0,252,162,309,136,11,225,152,0,0,278,173,0,874,592,1,0,0,8,73,113,0,0,0,0,55,55,164,79,145,203,1583,858,324,291,188,131,156,127,242,193,630,663,0,0,232,363,0,0,2,4,607,572,420,222,558,705,645,697,654,642,100,69,158,12,678,1398,1320,1478,293,2,0,15,183,99,22,8,13,35,7,85,214,0,25,917,0,0,0,0,97,100,46,183,0,0,0,0,20,12,0,0,0,100,16,64,33,7,868,880,1677,1369,641,536,1586,1471,535,520,339,153,0,1,306,398,0,0,86,119,286,261,0,0,0,138,197,956,1189,0,20,0,0,0,3,0,26,0,0,577,27,1081,34,7,15,0,0,0,0,0,0,0,0,0,0,0,0,0,0,0,0,0,0,0,0,0,0,0,0,0,0,0,0,0,0,0,0
FLPL,0,0,0,0,0,0,0,0,0,0,419,0,0,0,0,0,0,0,0,0,0,0,0,0,0,3520,0,0,0,0,0,0,0,0,874,0,9681,0,0,0,0,0,0,0,0,0,0,0,0,0,0,60,0,2257,650,0,0,0,0,0,0,0,0,387,262,0,0,0,51,0,0,154,126,0,0,263,1197,828,1001,1820,2076,565,967,1252,1463,227,490,2558,2714,246,1065,1301,18,5,0,0,0,0,33,29,0,319,14,22,0,0,0,0,0,0,0,0,0,79,221,0,0,0,0,0,0,0,0,0,0,0,99,153,0,14,0,156,1513,0,0,311,31,499,4,3,204,0,0,377,0,0,0,0,0,926,1474,0,0,0,0,2,535,1024,58,128,0,0,0,0,0,103,0,5,158,474,420,1882,0,4,0,0,0,0,0,0,0,0,0,0,0,0,0,0,0,0,0,0,0,0,0,0,0,0,0,0,0,0,0,0,0,0
FLPR,0,0,0,0,0,0,0,0,0,0,394,0,0,0,0,0,0,0,0,0,0,0,0,0,0,115,0,0,0,0,0,0,0,0,592,9681,0,0,0,0,0,0,0,0,0,0,0,0,0,0,1,87,0,364,1357,0,0,0,0,0,0,0,0,470,106,0,0,1733,121,0,0,0,0,0,170,3442,1604,10,450,0,0,324,161,57,0,0,0,1149,582,0,0,0,30,0,167,0,0,0,0,3,38,0,0,359,0,0,0,0,0,0,0,0,0,690,0,0,0,0,0,0,0,0,0,0,0,19,0,0,0,0,0,11,152,0,0,70,0,230,10,0,88,0,89,0,0,0,0,0,0,1702,2578,0,0,0,0,0,2,0,35,290,0,0,0,0,0,405,0,0,0,61,0,467,0,0,0,0,0,0,0,0,0,0,0,0,0,0,0,0,0,0,0,0,0,0,0,0,0,0,0,0,0,0,0,0,0,0
IL2DL,0,0,326,0,62,0,0,0,0,0,21,30,72,0,0,4,0,204,0,65,0,11,0,393,0,0,0,0,0,0,98,226,59,1,1,0,0,0,0,222,0,0,0,0,0,4895,0,0,0,0,0,0,0,0,0,7,0,1682,0,2881,0,0,0,35,0,10,0,63,4,63,23,18,0,26,0,0,0,67,0,61,292,165,0,198,100,404,0,0,8,0,0,1184,49,0,0,33,0,194,0,139,0,1147,0,0,7499,0,0,5936,0,0,0,0,0,0,0,0,131,0,0,326,0,602,833,690,782,13,0,67,20,0,0,0,0,0,0,4,0,0,33,0,0,0,0,0,0,7381,0,0,0,0,0,47,0,167,8,19,154,0,1,8,22,2586,0,0,0,49,8,0,56,81,0,0,0,0,126,2,1,0,0,0,0,0,0,0,0,0,0,0,0,0,0,0,0,0,0,0,0,0,0,0,0,0,0,0,0,0
IL2DR,0,0,0,37,0,49,0,0,0,0,0,1,0,0,0,0,69,0,10,0,146,0,3,0,175,0,0,5,0,0,29,32,99,229,0,0,0,0,0,0,748,0,0,0,0,0,2993,0,0,0,0,0,0,0,0,0,0,0,793,0,2181,0,0,0,174,0,0,12,10,91,82,0,2,0,18,0,75,20,64,197,137,0,102,117,169,497,291,0,0,0,0,564,122,0,0,0,38,0,236,0,110,465,0,0,0,5376,0,0,4640,0,0,0,0,0,3,21,0,0,0,0,69,786,1566,956,789,3,1,19,276,0,0,0,0,0,0,0,0,3,0,0,0,0,0,0,1,0,7731,0,0,0,0,0,277,95,58,45,0,170,26,2,20,0,2430,0,0,21,0,19,76,228,0,1,0,0,0,0,0,0,0,0,0,0,157,0,1,0,0,0,0,0,0,0,0,0,0,0,0,0,0,0,0,0,0,0,0,0
IL2L,0,0,243,0,62,0,0,0,0,0,0,47,143,0,0,36,0,302,0,179,0,108,0,171,0,0,49,0,44,0,91,270,11,2,0,0,0,222,0,0,0,550,0,2395,0,2785,0,2337,0,0,82,3,0,0,0,2231,0,733,0,31,0,0,0,87,0,4,0,136,0,0,121,2,0,35,0,0,0,5,0,0,35,221,0,0,9,0,0,0,0,0,0,0,0,7,0,64,0,0,0,2,0,896,0,0,259,0,0,616,0,4510,0,318,0,167,0,0,54,85,280,9,1,727,129,5232,1076,0,0,0,106,0,0,278,0,13,4,163,50,3,0,397,0,0,19,130,0,4403,0,2779,0,1697,0,19,0,208,209,121,0,0,0,0,0,0,0,0,0,0,150,0,284,84,0,0,640,0,0,185,0,30,0,0,0,0,0,0,0,0,0,0,0,0,0,1,0,6,0,0,0,0,0,0,0,0,0,0,0,0
IL2R,0,0,0,167,0,200,0,0,0,98,1,75,37,0,0,0,48,0,275,0,42,0,70,0,169,0,0,51,0,13,25,39,40,46,8,0,0,0,748,0,0,0,2693,0,2890,0,2714,0,2186,236,0,0,2,0,0,0,2697,0,643,0,0,0,0,0,268,0,53,13,35,156,0,0,65,0,13,0,0,0,0,36,5,0,148,44,0,0,0,1,0,0,0,0,60,2,0,0,143,0,0,0,3,619,0,0,0,404,0,0,408,0,3971,0,233,0,115,24,2,583,132,19,0,891,5559,99,746,35,28,48,0,1,0,0,490,15,59,213,160,0,40,0,146,26,0,0,56,0,4546,0,2986,0,1400,0,103,80,48,64,0,0,0,14,46,0,0,0,0,25,0,23,72,149,0,40,0,531,0,0,0,0,0,0,0,0,0,31,0,144,0,0,0,0,0,0,0,0,0,0,0,0,0,15,0,57,0,0,0,0
IL2VL,0,0,0,0,0,0,0,0,0,0,0,0,0,0,0,0,0,0,0,0,0,0,0,0,0,0,0,0,0,0,0,0,0,411,73,0,0,0,0,550,0,0,0,0,0,0,0,3505,0,99,0,0,0,0,0,0,0,554,0,0,0,1392,0,280,0,0,0,0,542,0,0,0,0,0,0,0,9,0,1,0,0,0,4,0,0,0,0,0,0,0,0,0,165,680,0,171,0,0,0,225,0,1293,0,14,7689,0,5,0,0,0,0,7129,0,0,101,321,0,0,0,0,125,989,815,1707,1113,293,28,206,0,66,0,206,0,330,0,88,85,33,0,2,0,0,0,0,0,0,0,8197,0,0,0,0,0,0,0,0,0,0,33,36,51,0,0,673,0,391,0,0,257,122,2,0,0,0,0,0,0,0,0,0,0,0,0,0,0,0,0,0,0,0,406,136,16,0,0,0,0,0,0,0,0,0,0,0,0,0
IL2VR,0,0,0,0,0,0,0,0,0,0,20,0,0,0,0,0,0,0,0,0,0,0,0,0,0,0,0,0,0,0,0,0,488,0,113,0,0,0,0,0,2693,0,0,0,0,0,0,0,3571,0,13,0,0,0,0,0,0,0,413,0,0,0,1150,0,305,0,0,232,0,0,0,0,0,0,0,135,0,8,0,0,0,1,0,0,0,0,0,1,0,0,0,0,311,0,194,0,16,0,0,0,141,984,0,24,0,8140,8,0,0,0,0,0,6327,19,0,0,178,0,0,62,0,961,2683,927,418,0,51,0,335,0,279,0,166,0,193,89,135,0,159,0,13,0,0,0,0,0,42,0,10108,0,0,0,0,0,0,0,0,0,0,7,0,0,0,0,1212,79,0,0,197,394,0,0,0,0,0,0,0,0,0,0,0,0,0,0,0,0,0,0,0,0,0,0,0,0,0,0,0,0,89,7,437,0,0,0,0,0
OLLL,0,0,218,0,84,0,0,0,552,0,0,54,35,0,0,0,0,110,0,62,0,47,0,294,0,0,72,0,13,0,54,72,74,0,0,0,0,0,0,2395,0,0,0,0,375,358,0,695,0,9,875,0,0,0,0,1475,0,206,0,772,0,808,0,1,0,6,0,53,0,0,104,9,0,0,0,0,0,0,0,68,0,6,2546,66,0,0,0,0,0,0,0,0,10,99,3,1110,25,0,0,527,0,62,46,26,0,0,0,1449,3,1953,0,1937,19,37,0,1170,95,137,307,1041,62,470,176,174,62,8,135,0,22,0,32,105,0,1,141,44,36,0,14,174,0,207,607,103,447,31,0,30,0,889,0,0,0,60,26,140,12,0,0,41,0,1069,0,984,0,43,33,0,12,2,0,36,155,0,0,0,0,0,0,0,0,0,0,0,0,0,0,0,0,0,5,0,29,0,0,0,0,0,0,0,0,0,0,0,0,0
OLLR,0,0,0,217,0,231,0,8,0,305,0,42,28,0,0,0,0,0,45,0,91,0,136,0,50,0,0,44,0,10,43,48,0,11,0,0,0,0,0,0,2890,0,0,375,0,0,345,0,659,721,83,7,0,0,1,0,1665,0,41,0,544,0,692,0,48,0,32,33,60,101,0,0,36,0,3,1,0,0,0,0,76,2814,1,0,8,0,0,0,0,0,0,0,72,4,145,14,972,0,0,0,469,11,10,29,0,0,0,212,1715,0,2790,36,1030,1,11,182,824,479,121,53,969,326,389,21,202,409,125,25,0,95,21,0,188,68,11,80,81,3,6,0,46,461,164,336,153,0,92,0,147,0,658,0,68,74,28,12,0,0,88,55,81,0,1140,0,1183,71,0,12,23,60,0,101,0,128,0,0,0,0,0,0,0,0,27,0,75,13,1,0,0,0,0,0,0,0,0,0,0,0,33,0,10,95,0,0,0,0
OLQDL,0,0,278,0,147,0,0,0,0,0,4,49,134,0,0,116,0,116,0,152,0,46,0,93,0,0,31,0,0,0,51,106,243,45,0,0,0,4895,0,2785,0,0,0,358,0,0,0,81,0,0,0,0,0,0,0,477,0,0,0,2942,0,0,0,142,0,32,0,57,0,167,94,34,0,0,0,44,0,154,0,129,292,0,58,121,141,91,0,0,8,3,0,126,10,48,25,186,0,168,0,356,0,668,0,0,2633,0,0,4985,0,2,0,0,0,0,0,175,1071,132,107,411,110,208,124,86,493,21,0,436,125,0,249,0,0,0,0,1452,0,0,1935,0,0,0,0,44,0,2611,0,0,0,0,0,169,0,196,29,92,126,0,21,1,170,1643,0,0,0,73,33,0,250,370,0,1,0,0,361,1,41,5,0,0,0,6,0,0,0,0,0,0,0,0,0,0,0,0,0,0,0,0,0,0,0,0,0,0,0,0
OLQDR,0,0,0,221,0,132,0,0,0,0,0,40,2,0,0,0,108,0,140,0,258,0,218,0,203,0,0,50,0,1,108,116,214,137,0,0,0,0,2993,0,2714,0,0,0,345,0,0,0,43,0,0,0,0,0,0,0,543,0,0,0,3018,0,0,0,159,0,212,10,79,81,106,0,67,0,13,0,73,22,128,249,114,156,107,88,211,140,238,2,0,0,0,265,242,39,21,0,88,0,22,0,564,622,0,0,0,591,0,0,5412,0,0,0,0,0,0,759,217,67,95,86,243,661,25,311,234,56,194,121,505,130,0,0,0,0,0,0,1138,942,0,0,0,114,7,10,41,0,2501,0,0,0,0,0,94,532,26,72,0,98,18,40,137,0,2186,0,0,64,0,38,363,283,394,24,0,22,0,0,0,0,0,0,0,0,86,63,22,45,0,0,0,108,0,0,0,0,0,0,0,0,0,0,0,0,0,0,0,0
OLQVL,101,0,32,0,0,0,432,0,0,0,53,0,0,0,0,0,0,0,0,0,0,0,0,2,0,0,0,0,15,0,0,0,0,113,55,0,0,0,0,2337,0,3505,0,695,0,81,0,0,0,22,0,0,0,12,0,333,0,166,0,0,0,1767,0,216,0,0,0,0,0,0,0,0,0,20,0,65,0,9,38,0,150,0,169,0,176,5,0,175,0,93,0,0,377,115,169,486,0,0,0,735,0,1012,0,0,436,0,74,0,0,18,0,4286,0,0,212,351,0,15,36,0,1743,280,834,103,999,136,0,843,0,0,0,849,0,1604,0,57,170,0,0,1491,0,0,0,0,0,0,0,2177,0,0,0,0,0,0,0,0,0,117,155,125,100,0,0,1733,0,141,0,0,488,188,184,116,0,0,0,0,0,0,0,0,0,0,0,0,0,0,0,0,0,0,363,0,396,27,142,63,0,69,0,0,0,0,0,0,0,0
OLQVR,0,152,0,83,0,0,0,0,0,0,23,0,0,0,0,0,0,0,0,0,0,0,0,0,30,0,0,0,0,80,0,0,91,0,55,0,0,0,0,0,2186,0,3571,0,659,0,43,0,0,0,55,0,0,0,0,0,920,0,434,0,0,0,2394,0,474,0,0,0,0,42,0,0,0,0,3,0,4,1,1,79,0,201,0,49,0,0,0,37,37,0,130,0,312,64,69,0,331,0,0,0,817,843,0,0,0,2059,209,0,0,0,1,0,4185,75,0,0,345,126,4,1129,0,297,113,563,195,0,404,0,1000,0,0,0,371,0,2089,50,115,0,0,0,725,0,0,0,0,0,0,0,2902,0,0,0,0,0,0,0,83,0,6,82,242,0,0,0,1883,195,0,0,156,518,0,150,0,0,0,0,0,0,0,0,0,0,0,0,0,0,0,0,0,0,0,0,0,0,0,0,0,0,310,0,168,46,15,164,0,0
SAADL,0,0,0,14,0,0,0,1102,164,744,70,0,0,0,0,0,1,0,0,0,26,0,15,0,0,0,0,0,0,0,0,0,0,4,164,0,0,0,0,0,236,99,0,9,721,0,0,22,0,0,1980,114,1228,23,1371,1,311,4,4,0,13,135,0,769,83,0,0,410,665,0,3,0,0,21,17,651,329,0,23,217,84,145,312,23,34,0,16,28,5,0,0,0,78,201,5,0,23,0,60,1267,513,0,1171,1859,0,0,0,0,0,0,127,38,0,30,2266,562,0,79,0,0,335,0,0,0,0,1695,2614,56,48,1634,172,273,141,552,2,470,416,895,125,679,112,460,34,244,2052,0,0,58,0,0,466,0,6,24,1,0,0,169,244,1210,0,0,0,0,0,159,0,8,135,136,0,0,399,510,0,0,0,0,0,0,0,0,0,0,0,0,0,0,0,0,0,0,0,0,292,130,924,25,0,0,0,0,0,0,0,0
SAADR,0,0,43,0,0,0,612,0,1867,131,1,0,0,0,0,0,0,0,0,0,0,0,0,0,0,0,0,0,0,0,0,0,16,0,79,0,1,0,0,82,0,0,13,875,83,0,0,0,55,1980,0,1031,84,1459,160,247,0,34,13,19,30,0,311,119,328,0,0,594,407,10,0,0,0,27,39,1041,929,5,1,71,127,455,79,86,84,1,0,4,50,0,0,2,202,0,204,20,0,5,0,242,910,0,1687,1369,0,0,40,0,0,33,0,0,15,2046,46,0,585,0,5,305,0,0,0,0,0,1488,1642,178,296,84,1251,38,175,19,223,141,278,92,1019,99,1015,5,595,1988,295,0,0,0,15,423,0,0,0,13,0,2,269,0,253,208,8,0,0,0,0,9,0,0,196,281,99,214,698,300,0,0,0,0,0,0,0,0,0,0,0,0,0,0,0,0,0,0,0,0,0,0,0,0,0,0,0,0,46,342,627,114
SAAVL,0,0,0,0,7,118,0,0,2298,349,76,0,106,0,517,0,0,155,70,0,105,0,75,31,0,1,0,63,0,12,15,29,194,63,145,60,87,0,0,3,0,0,0,0,7,0,0,0,0,114,1031,0,1656,21,629,4,0,0,0,57,133,0,2,0,717,0,0,378,36,0,41,0,0,39,34,2622,1114,70,16,394,171,27,136,0,0,0,0,0,152,0,5,13,4,151,233,7,0,0,0,0,242,0,891,1888,0,0,0,0,0,157,0,0,0,1267,300,0,19,49,21,286,0,0,0,0,0,2287,14,184,406,564,87,115,562,232,754,54,56,335,646,0,860,402,2631,1274,331,0,0,0,0,95,184,0,28,0,0,0,0,0,12,127,0,0,0,0,0,0,0,0,81,364,14,34,159,350,0,0,0,6,0,438,0,0,0,0,0,0,0,0,0,0,0,0,0,0,0,0,0,0,0,0,0,0,0,3,0,0
SAAVR,0,0,0,0,0,11,0,0,205,2235,76,48,0,7,0,0,0,0,54,0,0,0,0,0,23,0,0,0,0,0,43,2,149,156,203,0,0,0,0,0,2,0,0,0,0,0,0,0,0,1228,84,1656,0,81,472,0,0,0,0,40,86,86,0,283,77,0,1,0,200,30,6,0,0,6,32,1129,2412,49,26,103,27,88,107,3,0,12,0,7,274,0,8,0,0,236,181,0,30,0,0,337,0,0,1554,1197,0,0,0,0,0,0,21,0,0,385,1827,38,0,30,99,0,152,0,0,0,0,0,2929,539,129,60,830,939,156,453,369,65,129,605,212,911,0,3637,578,284,1647,0,0,0,0,347,59,5,0,0,2,16,0,14,31,38,0,0,0,0,0,69,0,0,591,317,258,0,202,139,0,0,0,0,0,0,0,0,0,0,0,3,0,267,0,103,0,0,0,16,0,71,0,26,0,0,0,0,0,0,0,0
SDQL,0,0,127,0,0,0,3448,0,385,0,467,0,0,0,0,0,0,0,0,1,0,5,0,0,0,64,0,0,0,0,0,0,0,0,1583,2257,364,0,0,0,0,0,0,0,0,0,0,12,0,23,1459,21,81,0,3557,6,0,0,0,0,0,20,0,1098,0,0,0,0,6,0,0,0,0,0,0,0,690,0,2205,192,592,263,331,366,128,2503,0,518,0,827,0,509,0,0,0,0,0,580,0,0,0,0,11,0,0,0,0,0,0,352,0,0,0,0,127,0,0,0,0,0,11,0,0,0,0,0,60,630,0,1,405,153,0,0,15,0,1192,0,1615,1,0,40,30,0,234,0,0,0,0,388,96,1,0,53,0,17,552,196,27,52,0,0,0,1027,0,8,22,0,1240,742,2612,0,291,0,0,0,0,0,0,0,0,0,0,0,0,0,0,0,0,0,0,0,0,0,0,0,0,0,0,0,0,0,0,0,0,0
SDQR,0,0,0,83,0,0,0,2794,0,27,132,0,0,0,0,0,0,0,0,0,3,0,23,0,0,0,0,0,0,0,0,0,0,0,858,650,1357,0,0,0,0,0,0,0,1,0,0,0,0,1371,160,629,472,3557,0,0,25,0,11,0,0,0,0,1029,832,0,0,44,273,0,15,0,0,11,0,531,864,934,683,411,133,0,29,0,151,0,1024,243,85,20,5,666,0,237,80,0,0,0,207,0,0,0,123,193,0,163,290,0,0,0,107,0,0,1532,1743,28,18,0,0,194,134,0,0,0,0,554,643,1081,1272,436,3,151,412,116,14,308,307,359,0,5,249,70,87,213,303,0,0,0,0,0,425,0,3,0,0,0,90,392,0,0,166,0,0,0,366,7,0,6,1253,864,3,117,0,2,0,0,0,0,0,0,0,0,0,0,0,0,0,0,0,0,0,0,0,0,0,0,0,0,0,0,0,0,0,0,0,0
URBL,0,0,158,0,7,0,1225,0,249,0,1,14,33,0,0,0,0,111,0,68,0,54,0,36,0,0,54,0,16,0,47,82,0,0,324,0,0,7,0,2231,0,0,0,1475,0,477,0,333,0,1,247,4,0,6,0,0,0,2935,0,96,0,0,0,1418,0,0,0,39,10,0,67,0,0,0,0,47,0,34,0,206,963,60,0,44,411,148,0,275,0,0,0,834,65,10,0,51,0,6,0,286,0,0,0,0,2,0,0,41,0,3147,0,0,0,120,2,39,580,196,330,0,9,0,0,0,0,11,15,337,2147,4,164,1593,0,1571,301,1083,906,78,468,519,0,0,123,37,0,0,0,16,0,2047,0,0,0,140,35,54,22,0,0,2,0,2830,0,2359,0,103,140,0,1687,1354,1431,0,676,0,0,18,0,129,0,1147,0,1075,0,0,0,0,0,0,0,0,0,0,0,0,0,53,0,738,0,0,0,0,0,0,0,0
URBR,0,0,0,124,0,104,0,430,0,394,23,5,15,0,0,0,0,0,47,0,42,0,45,0,49,0,0,27,0,0,0,7,2,7,291,0,0,0,0,0,2697,0,0,0,1665,0,543,0,920,311,0,0,0,0,25,0,0,0,3340,0,5,0,0,0,1826,0,0,0,6,92,0,0,0,0,0,0,90,0,26,566,290,0,8,833,5,0,124,907,128,0,0,37,29,0,0,0,47,0,0,0,47,0,0,0,0,251,0,0,0,0,2268,0,0,0,199,508,87,193,116,13,32,0,0,0,0,17,51,2200,257,404,59,0,1590,174,408,935,1374,814,49,0,442,150,0,0,74,0,0,0,48,0,2581,0,101,80,40,33,0,0,2,9,75,0,3574,0,2611,27,0,13,2329,2129,0,35,0,785,0,0,0,0,0,0,0,0,0,178,0,474,0,1405,0,3008,0,0,0,0,0,0,0,0,0,6,0,580,0,890,0,1212
URXL,2568,0,3,0,699,0,583,0,10,0,140,4,5,0,0,987,0,4,0,121,0,2,0,3408,0,0,46,0,525,0,0,0,28,510,188,0,0,1682,0,733,0,554,0,206,0,0,0,166,0,4,34,0,0,0,0,2935,0,0,0,1318,0,576,0,3016,0,141,0,2,83,118,314,251,0,629,0,95,8,114,54,1,283,276,13,46,442,0,0,22,0,647,0,161,7,1522,0,523,0,22,0,1012,0,125,0,0,0,0,1724,79,0,503,0,215,0,0,5,0,3,21,0,0,0,6,0,0,0,97,0,13,103,40,56,99,0,290,147,61,20,9,110,44,0,2,21,0,0,560,0,252,0,9,0,1278,0,454,42,72,99,588,6,0,10,1391,0,436,0,28,16,0,663,764,6,0,623,0,0,0,0,0,0,0,0,0,0,0,0,0,0,0,0,0,0,0,0,0,0,0,0,0,0,0,0,0,0,0,0,0
URXR,0,2557,0,10,0,525,0,586,0,205,270,1,25,0,0,0,776,0,8,0,364,0,14,0,2500,0,0,191,0,403,1,0,325,67,131,0,0,0,793,0,643,0,413,0,41,0,0,0,434,4,13,0,0,0,11,0,3340,0,0,0,1956,0,480,0,2256,0,124,88,0,187,195,0,519,0,640,5,132,104,158,314,40,0,195,198,93,0,6,38,0,0,920,113,32,0,1175,0,286,0,92,0,1122,132,0,3,0,47,1434,0,105,0,480,0,204,0,0,14,0,0,21,0,15,2,0,0,0,0,101,57,2,79,8,0,23,159,0,3,18,256,0,0,41,269,0,0,2,0,63,0,179,0,243,0,1464,405,98,160,1133,144,17,2,32,0,1231,0,429,45,0,70,621,782,0,2,0,871,0,0,0,0,0,0,0,0,0,0,0,2,0,5,0,4,0,0,0,0,0,0,0,0,0,34,0,232,0,80,0,263
URYDL,0,0,137,0,56,0,45,0,0,0,0,52,28,0,0,78,0,95,0,74,0,19,0,134,0,0,19,0,0,0,41,58,112,0,156,0,0,2881,0,31,0,0,0,772,0,2942,0,0,0,0,19,57,40,0,0,96,0,1318,0,0,0,0,0,522,0,6,0,23,174,45,32,3,0,69,0,130,55,406,23,511,184,205,1071,137,559,57,0,0,62,0,0,15,144,0,0,1142,0,31,0,462,0,875,50,0,82,0,0,5722,0,677,0,0,0,46,31,0,628,0,0,1486,0,264,422,143,281,35,0,8,3,55,0,0,0,54,141,11,13,78,0,0,0,13,370,135,14,4165,0,0,0,0,0,45,0,101,17,68,120,0,176,98,268,3038,0,0,0,185,17,0,81,5,240,155,0,0,112,10,276,51,14,51,0,0,0,0,0,0,0,0,0,0,0,13,0,0,0,0,0,0,0,0,0,0,0,0,0,0
URYDR,0,0,0,97,0,63,0,0,0,0,0,18,59,0,0,0,108,0,29,0,173,0,54,0,176,0,0,45,0,0,74,37,52,57,127,0,0,0,2181,0,0,0,0,0,544,0,3018,0,0,13,30,133,86,0,0,0,5,0,1956,0,0,0,0,0,263,0,61,212,39,54,65,0,7,0,13,75,275,209,180,49,349,710,200,211,120,31,160,11,71,0,0,42,204,0,0,0,686,0,14,0,515,889,10,122,0,8,0,0,4930,0,0,0,0,67,144,424,22,0,1,0,1800,212,0,475,303,39,244,0,1,0,101,0,0,102,88,34,20,0,128,0,0,518,6,11,158,0,2714,0,0,0,0,0,125,284,50,30,0,74,272,39,226,0,2165,0,0,170,0,61,13,147,60,78,0,41,0,0,0,0,0,0,0,0,65,0,614,0,332,0,8,0,0,0,0,0,0,0,0,0,0,0,0,0,0,0,0,0
URYVL,73,0,71,0,0,0,487,0,0,0,177,0,0,0,0,0,0,0,0,0,0,0,0,3,0,0,0,0,15,0,0,0,0,78,242,0,0,0,0,0,0,1392,0,808,0,0,0,1767,0,135,0,0,86,20,0,0,0,576,0,0,0,0,0,362,0,0,0,0,277,0,0,0,0,32,0,58,196,30,316,0,261,0,1449,0,141,0,0,171,0,66,0,0,229,95,0,1022,0,0,0,810,0,497,81,45,67,0,308,0,0,0,0,5868,0,0,123,2158,0,0,0,0,628,644,343,86,145,203,108,0,0,331,0,193,0,282,0,248,338,297,0,95,0,47,0,0,453,0,0,2338,0,0,0,0,0,0,0,2,0,101,126,3,245,0,0,1014,0,310,0,0,14,126,602,103,0,0,0,0,0,0,0,0,0,0,0,0,0,0,0,0,0,0,14,0,312,0,26,0,0,0,0,0,98,0,0,0,0,0
URYVR,0,22,0,119,0,0,0,194,0,0,3,0,0,0,0,0,0,0,0,0,0,0,0,0,44,0,0,0,0,43,0,0,90,0,193,0,0,0,0,0,0,0,1150,0,692,0,0,0,2394,0,311,2,0,0,0,0,0,0,480,0,0,0,0,0,486,0,0,176,0,39,0,0,0,0,18,275,0,181,56,269,0,1442,0,77,0,0,0,217,75,0,84,265,151,0,53,0,859,0,0,0,517,624,21,35,0,220,210,0,0,0,0,0,4761,17,0,0,1433,0,0,742,0,639,137,339,308,25,594,0,138,0,212,0,79,0,384,341,103,0,261,0,162,0,74,376,0,0,0,0,1402,0,0,0,0,0,0,0,132,0,18,263,280,0,0,0,1052,169,0,0,523,0,0,152,0,0,0,0,0,0,0,0,0,0,0,0,0,0,0,0,0,0,0,0,0,0,0,0,0,0,110,0,522,0,723,0,3,0
ADAL,299,0,963,0,0,0,1841,0,52,0,532,35,0,0,0,3027,0,0,0,0,0,478,0,0,0,159,6,0,545,0,0,0,0,0,630,387,470,35,0,87,0,280,0,1,0,142,0,216,0,769,119,0,283,1098,1029,1418,0,3016,0,522,0,362,0,0,0,383,0,140,25,0,0,0,0,0,0,1020,1159,1802,1198,238,557,179,92,0,1734,226,0,292,159,1888,0,2,0,27,0,0,0,550,0,0,0,0,1661,0,384,0,0,29,0,0,0,267,0,138,10,0,20,40,0,0,0,0,0,0,0,0,171,14,3,74,140,862,0,919,141,1068,148,349,51,256,0,121,22,0,137,52,0,229,0,973,293,228,0,0,212,117,0,1463,47,20,0,392,0,396,0,0,445,0,777,477,292,0,1109,0,0,0,0,0,0,0,0,0,0,0,0,0,0,0,0,0,0,0,0,0,0,1,0,0,0,0,0,0,0,0,0,0
ADAR,0,238,0,1063,0,0,0,1491,0,73,611,0,122,0,0,131,2942,0,0,0,8,0,563,0,21,32,0,105,0,268,0,0,0,0,663,262,106,0,174,0,268,0,305,0,48,0,159,0,474,83,328,717,77,0,832,0,1826,0,2256,0,263,0,486,0,0,0,814,111,172,0,0,0,0,227,38,1804,957,829,1705,1383,657,95,109,1168,0,0,196,292,163,0,766,395,1,0,97,0,0,0,536,0,0,0,85,1329,0,1227,19,0,85,0,0,0,140,215,144,17,1,0,3,11,0,0,0,0,0,90,0,31,109,56,212,0,1108,64,729,90,518,152,460,0,353,15,85,286,0,0,95,0,257,91,397,0,166,0,343,54,684,0,0,12,0,0,157,0,37,12,0,709,1564,847,0,0,0,1203,0,0,0,0,0,0,0,0,0,0,0,0,0,0,0,0,0,0,0,0,0,0,0,0,0,2,0,18,0,17,0,86
AIAL,994,0,1346,0,234,0,0,0,0,0,0,1523,255,5694,0,2005,0,1359,27,1073,0,6498,0,141,0,0,1396,37,830,0,1400,760,0,14,0,0,0,10,0,4,0,0,0,6,0,32,0,0,0,0,0,0,0,0,0,0,0,141,0,6,0,0,0,383,0,0,0,3775,0,10,170,231,17,933,0,0,0,6,28,0,377,0,0,0,241,31,0,0,0,8,0,0,0,0,0,0,0,1525,0,0,0,0,92,0,0,0,80,24,0,0,0,0,0,0,0,0,0,0,0,0,0,0,0,0,0,0,0,0,0,0,0,0,0,0,14,0,2,0,0,229,0,0,0,0,0,0,0,0,0,0,0,3327,0,135,407,120,0,176,0,0,0,0,0,57,0,0,1964,51,29,0,0,1,79,0,0,0,0,0,0,0,0,0,0,0,0,0,0,0,0,0,0,0,0,0,0,0,0,0,0,0,0,0,0,0,0,0
AIAR,0,810,126,1253,0,257,0,0,0,0,0,669,1528,0,5593,0,2105,0,1595,0,1834,78,5775,0,88,0,0,1281,0,944,847,1613,35,0,0,0,0,0,0,0,53,0,0,0,32,0,212,0,0,0,0,0,1,0,0,0,0,0,124,0,61,0,0,0,814,0,0,0,2652,274,18,0,351,0,1657,0,0,0,17,104,0,0,0,48,0,0,14,0,0,0,0,0,0,0,2,0,0,0,1003,0,0,0,0,28,0,0,1,0,12,0,16,0,0,0,0,0,0,0,0,0,0,0,0,0,0,0,0,0,0,0,0,0,0,0,0,0,0,0,0,0,226,1,0,0,0,0,19,0,0,0,0,0,3512,31,588,29,25,0,0,0,0,0,0,0,14,0,0,2203,0,2,0,104,0,45,0,0,0,0,0,0,0,0,0,0,0,0,0,0,0,0,0,0,0,0,0,0,0,0,0,0,0,0,0,0,0,0
AIBL,102,150,1377,0,453,0,0,0,0,96,392,1841,157,1423,0,780,0,553,0,35,0,1356,0,102,58,0,448,5,195,248,980,342,243,22,232,0,1733,63,12,136,13,0,232,53,33,57,10,0,0,410,594,378,0,0,44,39,0,2,88,23,212,0,176,140,111,3775,0,0,88,16,22,366,2,376,870,930,0,534,0,423,280,473,282,0,0,0,0,3,12,0,273,0,366,0,51,1,199,109,0,100,977,0,353,1000,0,0,138,46,2,18,0,0,79,337,0,0,1,0,0,0,0,5,0,0,29,584,166,10,36,0,828,0,185,108,305,173,141,0,390,0,51,0,736,56,229,20,0,0,171,0,0,218,0,71,24,0,39,0,563,827,298,0,37,2,0,529,87,0,0,48,0,98,0,196,0,0,0,0,0,0,0,0,0,0,0,0,0,0,0,0,0,0,0,0,0,0,0,0,0,0,0,0,0,0,0,0
AIBR,221,173,7,1443,80,635,0,0,34,1,387,87,1999,0,1244,0,1094,0,479,0,108,0,1617,33,177,7,0,407,202,400,199,1232,11,353,363,51,121,4,10,0,35,542,0,0,60,0,79,0,0,665,407,36,200,6,273,10,6,83,0,174,39,277,0,25,172,0,2652,88,0,343,60,0,561,1098,196,4,773,0,567,100,139,571,433,0,2,0,0,0,23,276,0,0,429,82,0,324,26,0,32,994,7,0,796,213,0,0,208,0,57,0,20,198,0,0,610,3,0,0,0,10,0,0,0,0,0,368,762,237,0,884,0,183,0,142,94,109,143,430,0,6,0,561,0,155,25,0,8,187,0,0,0,0,187,295,119,6,0,0,525,460,225,0,0,0,0,968,0,296,1,116,142,121,295,0,0,0,0,0,0,0,0,0,0,0,0,0,0,0,0,0,0,0,0,0,0,0,0,0,0,0,0,0,0,0,0,0
AINL,0,89,2,26,780,3900,285,0,495,0,0,1211,77,0,545,0,0,370,596,0,0,0,0,678,2317,0,0,0,0,0,614,84,1185,5,0,0,0,63,91,0,156,0,0,0,101,167,81,0,42,0,10,0,30,0,0,0,92,118,187,45,54,0,39,0,0,10,274,16,343,0,3706,509,747,0,25,0,30,0,0,222,1,22,0,678,0,0,0,0,0,0,0,0,0,14,196,442,837,0,0,0,0,62,0,9,0,0,1,74,83,0,79,0,0,107,11,0,0,0,0,0,0,0,0,0,11,0,0,0,0,0,37,0,0,0,120,0,0,0,8,0,0,0,12,2,5,51,73,0,0,361,0,0,0,0,0,0,331,0,0,0,0,14,25,0,116,0,0,0,0,0,660,0,0,0,0,0,0,0,0,0,0,0,0,0,0,0,0,0,0,0,0,0,0,0,0,0,0,0,0,0,0,0,0,0,0,0
AINR,137,316,0,23,4098,2595,0,211,0,274,0,274,937,0,0,0,0,396,355,0,0,0,0,2959,1618,0,0,3,1,52,117,289,1093,1361,0,0,0,23,82,121,0,0,0,104,0,94,106,0,0,3,0,41,6,0,15,67,0,314,195,32,65,0,0,0,0,170,18,22,60,3706,0,576,577,32,21,26,0,0,0,0,197,0,0,0,409,0,0,0,0,0,0,0,0,112,49,926,593,0,0,24,0,72,0,0,0,0,2,34,99,31,0,0,0,53,27,0,0,0,0,0,0,0,0,0,19,0,0,0,0,66,0,0,0,113,0,0,0,43,0,0,0,43,0,12,0,24,69,0,0,0,127,0,0,0,0,0,0,117,0,0,0,5,121,238,55,0,0,0,0,0,684,0,0,0,0,0,0,0,0,0,0,0,0,0,0,0,0,0,0,0,0,0,0,0,0,0,0,0,0,0,0,0,0,0,0,0
AIYL,814,0,140,0,6030,93,0,0,0,0,77,2340,1759,285,0,19,0,655,2,0,0,0,0,2783,0,193,2196,0,1337,0,1396,498,120,1398,2,154,0,18,0,2,0,0,0,9,0,34,0,0,0,0,0,0,0,0,0,0,0,251,0,3,0,0,0,0,0,231,0,366,0,509,576,0,242,2349,12,7,0,27,20,0,46,0,0,1,332,59,0,0,0,6,0,0,0,438,0,1234,0,112,0,31,20,345,124,0,0,0,476,53,0,0,0,0,0,21,0,0,0,0,0,0,0,0,0,0,236,0,0,0,0,0,0,15,0,403,0,1,0,96,0,185,5,0,0,0,0,5,0,0,0,0,0,157,0,0,32,8,0,56,0,0,0,0,0,18,0,0,105,0,7,0,0,221,57,0,0,0,0,0,0,0,0,0,0,0,0,0,0,0,0,0,0,0,0,0,0,0,0,0,0,0,0,0,0,0,0,0
AIYR,0,1135,0,96,17,6078,0,0,0,0,86,1899,2179,0,975,0,0,0,912,0,0,63,21,0,2988,428,0,1689,24,1013,986,1227,1232,145,4,126,0,0,2,0,65,0,0,0,36,0,67,0,0,0,0,0,0,0,0,0,0,0,519,0,7,0,0,0,0,17,351,2,561,747,577,242,0,73,2012,0,22,0,0,1,0,0,1,828,0,0,35,21,20,0,94,0,0,22,442,0,1476,0,292,5,37,433,0,194,0,0,585,0,27,0,3,0,0,0,35,0,0,0,0,0,0,0,0,0,0,0,0,0,0,0,0,0,0,0,253,11,18,0,14,0,161,0,0,0,3,0,0,0,0,0,0,0,99,0,0,0,114,0,0,0,0,0,5,0,20,0,0,32,0,0,36,357,0,23,0,0,0,0,0,0,0,0,0,0,0,0,0,0,0,0,0,0,0,0,0,0,0,0,0,0,0,0,0,0,0,0
AIZL,3008,128,76,0,1259,0,0,0,0,0,13,593,481,996,0,749,27,137,0,0,0,0,0,736,65,0,1707,0,2258,0,292,272,12,438,607,0,0,26,0,35,0,0,0,0,0,0,0,20,0,21,27,39,6,0,11,0,0,629,0,69,0,32,0,0,227,933,0,376,1098,0,32,2349,73,0,295,6,5,242,0,77,185,841,838,0,0,0,0,1,0,18,1,0,63,806,71,511,0,35,0,815,118,199,554,102,0,0,788,36,0,0,0,0,0,0,26,0,0,0,0,0,0,2,0,0,24,48,18,0,0,227,0,23,0,134,248,18,222,1417,117,1813,275,111,0,33,21,0,0,0,0,0,0,70,0,0,0,0,0,469,167,196,16,0,0,0,0,363,0,0,5,12,362,0,0,0,0,0,0,0,0,0,0,0,0,0,0,0,0,0,0,0,0,0,0,0,0,0,0,0,0,0,0,0,0,0,0,0
AIZR,0,3239,0,130,0,1082,0,0,0,0,12,405,754,0,430,0,622,0,138,0,37,0,14,0,504,5,0,2747,0,2095,288,171,476,3,572,0,170,0,18,0,13,0,0,0,3,0,13,0,3,17,39,34,32,0,0,0,0,0,640,0,13,0,18,0,38,0,1657,870,196,25,21,12,2012,295,0,5,0,0,141,34,43,834,801,0,0,0,0,0,3,0,81,0,158,4,955,0,683,0,316,5,892,156,0,887,0,0,672,0,23,0,0,0,0,28,0,0,0,0,0,0,0,0,0,0,0,13,81,0,0,2,424,0,13,212,265,29,11,56,1751,7,1741,0,112,0,104,0,4,0,0,0,0,0,253,25,39,40,545,0,273,34,0,0,2,0,0,30,0,8,2,41,0,2,0,7,0,0,0,0,0,0,0,0,0,0,0,0,0,0,0,0,0,0,0,0,0,0,0,0,0,0,0,0,0,0,0,0
AVAL,0,0,569,0,6,0,102,0,22,762,1278,0,4,0,0,787,13,0,0,0,0,0,0,306,3,0,0,0,61,0,0,0,128,357,420,263,3442,0,0,0,0,0,135,0,1,44,0,65,0,651,1041,2622,1129,0,531,47,0,95,5,130,75,58,275,1020,1804,0,0,930,4,0,26,7,0,6,5,0,658,853,421,155,395,15,1,0,379,0,0,708,1194,514,133,21,108,187,136,202,6,0,0,4,103,0,633,963,29,0,55,0,0,2,0,0,140,948,184,66,51,13,21,113,0,0,0,0,0,720,0,644,636,36,740,301,148,317,157,4,62,124,308,147,38,239,1248,661,245,1,0,0,39,633,653,80,0,0,0,0,0,344,2,59,7,35,5,0,0,376,0,0,977,639,795,13,152,93,0,0,0,0,0,0,0,0,0,0,0,0,0,0,0,0,0,0,0,0,0,0,0,0,0,0,0,0,0,0,0,0
AVAR,0,0,56,377,0,28,0,0,740,5,1311,14,0,0,0,3,698,0,70,0,0,0,0,0,373,0,0,5,0,190,12,0,493,180,222,1197,1604,0,75,0,0,9,0,0,0,0,73,0,4,329,929,1114,2412,690,864,0,90,8,132,55,275,196,0,1159,957,0,0,0,773,30,0,0,22,5,0,658,0,645,1132,291,305,32,284,352,16,20,0,798,1032,650,827,0,0,147,189,0,270,8,0,169,3,0,909,398,0,0,86,0,8,0,46,29,0,226,897,65,86,36,162,30,62,0,0,0,0,18,631,671,367,476,264,166,414,159,605,69,142,328,100,1,0,1109,195,315,516,0,6,0,0,820,540,0,26,0,0,26,805,141,346,185,0,0,130,3,0,505,0,0,693,1263,108,2,104,330,0,0,0,0,0,0,0,0,0,0,0,0,0,0,0,0,0,0,0,0,0,0,0,0,0,0,0,0,0,0,0,0
AVBL,252,14,266,17,0,0,678,185,6,0,1768,5,0,190,0,1867,73,0,0,0,0,4,0,56,0,1346,244,0,95,2,0,0,67,0,558,828,10,67,20,5,0,0,8,0,0,154,22,9,1,0,5,70,49,0,934,34,0,114,104,406,209,30,181,1802,829,6,0,534,0,0,0,27,0,242,0,853,645,0,777,1495,1325,442,155,1968,3771,229,290,3477,3671,2669,2036,981,34,0,1,110,169,1441,15,0,519,0,552,420,30,0,185,21,4,0,0,0,0,44,334,0,0,0,0,2,42,0,0,0,91,147,0,0,158,9,278,122,640,167,573,435,633,21,81,59,83,0,0,5,18,79,21,0,44,0,0,14,0,0,144,310,1088,877,106,210,23,9,0,0,47,77,35,0,336,192,488,137,181,150,0,0,0,0,0,0,0,0,0,0,0,0,0,0,0,0,0,0,0,0,0,0,0,0,0,0,0,0,0,0,0,0
AVBR,0,475,57,240,0,0,58,954,0,17,2501,0,25,0,66,160,2449,0,0,0,0,0,10,0,117,1851,0,294,0,179,0,0,12,71,705,1001,450,0,64,0,0,1,0,0,0,0,128,38,1,23,1,16,26,2205,683,0,26,54,158,23,180,316,56,1198,1705,28,17,0,567,0,0,20,0,0,141,421,1132,777,0,1268,825,56,455,3530,1329,263,1035,3884,2326,3319,2531,268,0,15,0,106,77,205,1817,212,0,0,188,511,0,407,129,0,12,0,0,0,0,285,42,0,0,0,0,13,0,0,0,0,0,0,40,13,0,148,0,238,14,491,10,667,709,114,0,98,96,8,0,23,22,0,59,14,0,139,44,8,69,0,358,316,1597,599,162,161,0,0,5,66,8,35,0,39,80,140,2979,12,1,187,0,0,0,0,0,0,0,0,0,0,0,0,0,0,0,0,0,0,0,0,0,0,0,0,0,0,0,0,0,0,0,0
AVDL,0,12,314,1213,0,0,1825,2688,163,0,353,30,32,0,2,263,1184,0,0,241,0,187,82,0,164,1888,9,1,0,0,21,0,1091,601,645,1820,0,61,197,0,36,0,0,68,0,129,249,0,79,217,71,394,103,192,411,206,566,1,314,511,49,0,269,238,1383,0,104,423,100,222,0,0,1,77,34,155,291,1495,1268,0,332,20,1435,4051,235,110,928,1886,3327,161,359,421,16,2,0,39,119,84,23,236,661,0,208,80,102,24,17,105,66,2,0,0,0,483,48,0,0,0,0,0,13,0,0,0,0,0,0,23,166,0,543,0,760,147,688,1535,207,91,158,0,334,0,44,60,21,76,42,0,0,446,6,278,2,382,151,340,1089,0,9,1,0,78,85,0,133,35,146,22,283,1420,1277,2,0,992,0,0,0,0,0,0,0,0,0,0,0,0,0,0,0,0,0,0,0,0,0,0,0,0,0,0,0,0,0,0,0,0
AVDR,0,4,1420,260,0,0,2820,1070,0,6,100,2,10,42,0,1698,325,0,0,0,256,73,126,182,16,752,0,0,0,0,0,0,580,295,697,2076,0,292,137,35,5,0,0,0,76,292,114,150,0,84,127,171,27,592,133,963,290,283,40,184,349,261,0,557,657,377,0,280,139,1,197,46,0,185,43,395,305,1325,825,332,0,1727,74,255,5072,1536,344,3334,538,103,122,1058,18,0,0,110,0,394,59,648,0,0,200,63,0,0,0,162,74,0,6,0,0,59,674,5,0,0,0,87,0,0,0,0,0,0,10,0,5,497,0,257,0,796,285,141,915,76,5,83,0,247,0,146,25,123,98,0,0,50,184,1,299,530,321,643,16,1452,0,2,0,8,140,131,0,56,215,113,475,547,4599,1,189,0,0,0,0,0,0,0,0,0,0,0,0,0,0,0,0,19,0,0,0,0,0,0,0,0,0,0,0,0,0,0,0,0
AVEL,1,2,18,0,0,0,60,0,7,0,63,0,0,0,0,97,0,0,0,503,0,0,0,515,0,273,0,0,0,0,0,0,356,930,654,565,324,165,0,221,0,0,1,6,2814,0,156,0,201,145,455,27,88,263,0,60,0,276,0,205,710,0,1442,179,95,0,0,473,571,22,0,0,0,841,834,15,32,442,56,20,1727,0,111,35,146,24,0,206,580,6,49,212,204,0,68,284,1273,18,0,656,351,42,289,349,0,0,212,10,5,361,1006,0,27,129,84,19,314,313,1,94,507,0,0,16,0,8,482,19,2,386,441,57,862,6,97,13,342,85,305,29,0,505,64,543,78,0,0,0,11,0,31,184,0,1033,24,104,252,3,799,983,91,1,885,25,700,69,300,0,32,0,288,366,660,90,0,0,0,0,0,0,0,0,0,0,0,0,0,0,0,0,0,0,0,0,0,0,0,0,0,0,0,0,0,0,0,0
AVER,10,149,0,81,0,0,0,202,0,0,1,0,0,0,0,0,95,0,0,0,477,0,0,0,755,313,0,0,0,0,0,0,982,65,642,967,161,0,102,0,148,4,0,2546,1,58,107,169,0,312,79,136,107,331,29,0,8,13,195,1071,200,1449,0,92,109,0,0,282,433,0,0,0,1,838,801,1,284,155,455,1435,74,111,0,61,97,0,93,430,143,558,18,0,59,90,0,1535,271,0,170,349,335,0,235,373,0,0,137,0,115,355,177,47,0,56,88,553,0,12,482,336,38,9,42,0,0,125,113,4,0,578,318,721,149,227,9,267,36,327,110,94,130,73,421,54,460,0,21,26,0,153,29,0,311,600,1,95,1,20,487,922,84,701,34,582,10,298,0,177,0,15,0,536,5,495,0,0,0,0,0,0,0,0,0,0,0,0,0,0,0,0,0,0,0,0,0,0,0,0,0,0,0,0,0,0,0,0
AVJL,0,0,305,468,0,0,1304,1166,59,106,188,0,0,0,0,152,454,59,0,229,0,210,0,0,0,7342,5,0,0,0,0,0,9,0,100,1252,57,198,117,0,44,0,0,66,0,121,88,0,49,23,86,0,3,366,0,44,833,46,198,137,211,0,77,0,1168,0,48,0,0,678,0,1,828,0,0,0,352,1968,3530,4051,255,35,61,0,3919,1766,3513,3712,3865,114,1202,3585,0,0,0,0,0,576,3027,0,0,66,0,571,0,0,5,65,17,0,0,0,0,157,83,0,0,0,0,0,3,0,0,0,0,0,0,0,0,31,175,0,274,137,276,224,39,9,15,0,443,19,7,58,0,125,105,0,0,464,0,415,375,333,570,1397,2747,6,0,0,0,28,0,0,50,0,48,337,392,406,0,725,0,892,0,0,0,0,0,0,0,0,0,0,0,0,0,0,0,0,0,0,0,0,0,0,0,0,0,0,0,0,0,0,0,0
AVJR,0,0,499,304,0,0,1373,970,132,209,306,0,9,10,0,408,289,0,5,0,233,0,170,0,0,1749,0,49,7,8,0,0,0,0,69,1463,0,100,169,9,0,0,0,0,8,141,211,176,0,34,84,0,0,128,151,411,5,442,93,559,120,141,0,1734,0,241,0,0,2,0,409,332,0,0,0,379,16,3771,1329,235,5072,146,97,3919,0,5911,1152,4558,1855,936,305,1779,0,0,0,0,0,3553,991,0,0,0,480,0,78,0,0,2,24,0,0,0,0,5,159,0,0,0,0,0,0,0,0,0,0,0,0,0,0,79,21,117,0,261,48,9,42,24,0,270,0,97,13,0,0,150,196,0,0,2,214,161,430,620,268,737,405,2157,0,0,0,0,84,115,0,0,400,265,405,279,2411,256,459,0,0,0,0,0,0,0,0,0,0,0,0,0,0,0,0,0,0,0,0,0,0,0,0,0,0,0,0,0,0,0,0,0
BDUL,0,0,0,0,0,0,6771,15,0,0,0,0,0,0,0,0,0,0,0,0,0,33,0,0,0,1138,0,0,0,0,0,0,0,0,158,227,0,404,497,0,0,0,0,0,0,91,140,5,0,0,1,0,12,2503,0,148,0,0,0,57,31,0,0,226,0,31,0,0,0,0,0,59,0,0,0,0,20,229,263,110,1536,24,0,1766,5911,0,1089,631,171,18,133,4505,0,0,0,0,0,5973,1230,0,0,0,307,0,14,0,0,173,29,55,0,0,0,0,0,0,0,0,0,0,0,0,0,0,0,0,0,0,0,0,0,134,0,0,0,0,215,0,29,10,0,0,0,0,29,209,392,0,0,480,0,96,23,0,1232,2550,794,1446,0,0,0,53,38,297,0,0,478,0,158,0,366,0,712,0,0,0,0,0,0,0,0,0,0,0,0,0,0,0,0,0,0,0,0,0,0,0,0,0,0,0,0,0,0,0,0,0
BDUR,0,0,0,0,0,0,0,6753,0,0,0,0,0,0,0,0,107,0,0,0,4,0,49,0,0,6322,0,0,0,0,0,0,0,0,12,490,0,0,291,0,0,0,0,0,0,0,238,0,0,16,0,0,0,0,1024,0,124,0,6,0,160,0,0,0,196,0,14,0,0,0,0,0,35,0,0,0,0,290,1035,928,344,0,93,3513,1152,1089,0,328,212,0,0,4621,0,0,0,0,0,0,4876,0,0,0,0,268,0,62,0,0,133,0,435,0,0,0,11,25,3,0,0,0,0,0,0,0,0,0,0,0,0,0,0,0,105,0,2,1050,0,22,0,0,89,0,24,0,0,0,98,0,0,0,683,0,1012,0,1408,1438,0,116,0,0,0,0,271,0,104,0,0,1140,0,111,0,555,0,1264,0,0,0,0,0,0,0,0,0,0,0,0,0,2,0,221,0,0,0,0,0,0,0,0,0,0,0,0,0,0,0,0
PVCL,1,44,959,142,0,0,1503,1074,0,1,2100,0,0,0,0,222,164,0,0,0,0,0,0,0,0,1389,0,0,34,11,0,0,75,25,678,2558,1149,0,0,0,1,0,1,0,0,0,2,175,37,28,4,0,7,518,243,275,907,22,38,0,11,171,217,292,292,0,0,3,0,0,0,0,21,1,0,708,798,3477,3884,1886,3334,206,430,3712,4558,631,328,0,3664,4956,2029,187,0,0,0,1,0,234,146,58,0,0,10,0,0,5,260,0,0,0,0,0,0,91,74,0,0,0,0,0,50,0,0,0,0,0,0,0,77,33,19,114,347,62,68,769,393,115,44,125,60,0,0,2,0,9,0,0,2,198,191,0,0,0,1,59,998,1456,26,25,0,0,0,15,165,0,3,0,621,216,4288,121,50,565,0,0,0,0,0,0,0,0,0,0,0,0,0,0,0,0,0,0,0,0,0,0,0,0,0,0,0,0,0,0,0,0
PVCR,0,0,0,281,0,0,0,1269,413,0,1954,0,0,0,0,25,90,0,0,0,0,0,0,0,0,3242,0,0,0,17,0,0,101,26,1398,2714,582,8,0,0,0,0,0,0,0,8,0,0,37,5,50,152,274,0,85,0,128,0,0,62,71,0,75,159,163,0,0,12,23,0,0,0,20,0,3,1194,1032,3671,2326,3327,538,580,143,3865,1855,171,212,3664,0,778,5124,1608,1,0,0,0,5,46,130,0,7,0,16,59,119,0,254,0,0,0,0,0,0,639,461,0,0,0,4,71,11,0,0,0,0,0,9,70,17,54,176,236,937,275,1062,1001,988,34,330,0,249,23,82,75,43,231,0,0,0,0,620,0,0,0,1,123,1482,5,5,151,0,0,16,0,90,6,0,0,306,135,1747,143,474,61,0,0,0,0,0,0,0,0,0,0,0,0,0,0,0,0,0,0,0,0,0,0,0,0,0,0,0,0,0,0,0,0
PVPL,806,0,867,0,0,0,0,0,0,0,4683,0,0,0,0,1272,41,0,0,0,0,0,0,4,0,438,184,0,822,2,0,0,3,169,1320,246,0,0,0,0,0,0,0,0,0,3,0,93,0,0,0,0,0,827,20,0,0,647,0,0,0,66,0,1888,0,8,0,0,276,0,0,6,0,18,0,514,650,2669,3319,161,103,6,558,114,936,18,0,4956,778,0,153,0,0,0,0,0,0,1859,0,450,0,0,260,0,0,0,2831,0,0,0,0,2,0,0,0,0,0,0,0,0,0,0,0,0,0,0,0,0,0,213,0,222,0,10,0,211,21,0,0,208,0,0,0,0,0,1,0,0,0,185,133,0,0,0,0,0,140,7734,374,447,0,0,0,0,0,72,0,0,0,0,866,0,17,0,0,0,0,0,0,0,0,0,0,0,0,0,0,0,0,0,0,0,0,0,0,0,0,0,0,0,0,0,0,0,0,0
PVPR,0,266,0,817,0,0,0,13,0,0,4891,36,0,0,0,109,1601,0,0,0,0,0,0,0,68,422,0,69,0,808,0,0,116,0,1478,1065,0,0,0,0,0,0,0,0,0,0,0,0,130,0,0,5,8,0,5,0,0,0,920,0,0,0,84,0,766,0,0,273,0,0,0,0,94,1,81,133,827,2036,2531,359,122,49,18,1202,305,133,0,2029,5124,153,0,189,204,0,21,0,42,296,3352,0,246,0,0,48,0,0,2548,0,0,0,0,0,0,0,7,0,0,0,0,0,0,0,0,0,0,0,0,0,0,0,184,0,180,11,1,27,79,0,1,0,361,4,0,121,6,0,0,0,0,105,4,0,0,0,40,62,7967,41,166,216,34,0,0,0,0,328,0,0,24,3,0,1,0,70,0,0,0,0,0,0,0,0,0,0,0,0,0,0,0,0,0,0,0,0,0,0,0,0,0,0,0,0,0,0,0,0
PVR,0,0,0,0,0,0,4944,3047,0,0,0,0,0,0,0,0,0,0,0,0,0,0,0,0,0,535,0,0,0,0,0,0,0,0,293,1301,0,1184,564,0,0,0,0,0,0,126,265,0,0,0,2,13,0,509,666,834,37,161,113,15,42,0,265,2,395,0,0,0,0,0,0,0,0,0,0,21,0,981,268,421,1058,212,0,3585,1779,4505,4621,187,1608,0,189,0,0,0,0,0,0,189,90,0,0,0,0,0,597,610,0,451,437,823,12,0,8,435,600,11,0,0,0,0,0,0,0,0,0,0,0,0,4,0,0,0,676,11,557,400,0,70,12,0,3,0,0,266,0,401,406,0,0,325,498,154,231,0,0,0,8,0,0,0,0,506,699,506,398,0,0,80,2,372,0,211,888,197,0,0,0,3,0,1,0,331,0,4,0,0,0,148,0,392,0,0,0,0,0,0,0,0,0,0,0,0,0,0,0,0
PVT,0,0,0,0,0,0,0,0,0,0,401,0,0,0,0,0,0,0,0,0,0,0,0,0,0,0,0,0,0,0,0,0,89,61,2,18,30,49,122,0,60,165,311,10,72,10,242,377,312,78,202,4,0,0,0,65,29,7,32,144,204,229,151,0,1,0,0,366,429,0,0,0,0,63,158,108,0,34,0,16,18,204,59,0,0,0,0,0,1,0,204,0,0,0,10,173,256,0,0,1277,1743,50,111,14,0,0,374,48,80,7,2,92,53,270,108,0,0,28,64,0,0,3,0,0,43,2978,1928,64,2,0,183,0,13,0,0,0,87,14,156,76,50,16,46,12,6,36,113,133,275,402,230,0,0,0,0,0,80,0,2781,1701,2299,35,158,0,22,3618,0,0,6,0,0,124,2,9,0,0,0,0,0,0,0,0,0,0,0,0,0,0,0,0,0,0,0,0,0,0,0,0,0,0,0,0,0,0,0,0
RIAL,769,0,0,0,102,0,0,0,0,0,105,0,74,0,0,35,0,69,0,0,0,0,0,713,0,0,12,0,108,0,0,4,0,986,0,5,0,0,0,7,2,680,0,99,4,48,39,115,64,201,0,151,236,0,237,10,0,1522,0,0,0,95,0,27,0,0,0,0,82,14,112,438,22,806,4,187,147,0,15,2,0,0,90,0,0,0,0,0,0,0,0,0,0,0,1339,555,0,43,0,352,0,321,300,17,0,0,333,86,0,421,138,98,0,569,402,1006,643,674,735,1054,511,25,0,0,12,159,97,84,0,311,72,121,286,185,50,111,13,249,16,214,22,809,563,580,850,0,0,126,0,82,0,0,0,0,0,0,5,0,0,19,0,335,38,588,63,10,0,0,0,47,0,1,15,98,0,0,0,0,47,0,16,0,0,0,0,53,83,133,118,101,0,0,0,0,20,0,3,0,0,0,0,33,49,128,84,212
RIAR,0,631,0,0,0,53,0,0,0,91,64,21,0,0,0,0,29,0,155,0,0,0,0,0,966,0,0,13,0,66,17,11,634,0,15,0,167,0,0,0,0,0,194,3,145,25,21,169,69,5,204,233,181,0,80,0,0,0,1175,0,0,0,53,0,97,0,2,51,0,196,49,0,442,71,955,136,189,1,0,0,0,68,0,0,0,0,0,0,0,0,21,0,10,1339,0,0,680,0,36,0,232,345,53,120,0,0,291,0,87,254,174,0,99,276,261,731,1069,794,817,625,1214,0,0,0,0,33,100,0,100,191,469,572,127,115,149,20,144,11,337,35,254,894,762,805,582,0,0,0,62,0,101,0,0,0,0,0,0,0,9,18,0,83,431,104,586,0,0,0,0,0,0,9,64,10,0,0,0,8,0,31,0,0,0,0,0,0,2,0,13,7,0,0,0,78,33,44,19,0,0,0,0,0,3,0,0,0
RIBL,351,44,0,0,354,0,0,0,0,0,70,46,2,0,0,0,0,189,0,180,0,31,0,2475,95,0,70,0,679,0,96,0,542,1886,183,0,0,33,0,64,0,171,0,1110,14,186,0,486,0,0,20,7,0,0,0,51,0,523,0,1142,0,1022,0,0,0,0,0,1,324,442,926,1234,0,511,0,202,0,110,106,39,110,284,1535,0,0,0,0,1,0,0,0,0,173,555,0,0,143,0,0,377,9,107,209,104,0,0,73,74,0,104,0,66,0,43,0,17,0,7,324,54,0,61,91,0,269,223,0,0,0,187,0,207,0,308,0,302,155,53,0,3,0,69,239,83,334,15,0,274,0,0,0,0,0,0,0,0,0,0,62,4,207,355,0,273,0,260,0,0,0,0,178,659,3,0,0,0,0,0,0,0,0,0,0,0,0,0,0,0,0,0,0,0,0,0,0,0,0,0,0,0,0,0,0,0,0,0
RIBR,11,631,0,0,16,378,0,0,0,0,99,0,92,0,0,0,0,0,61,0,52,0,0,0,2865,143,0,76,0,337,0,59,1436,631,99,0,0,0,38,0,143,0,16,25,972,0,88,0,331,23,0,0,30,0,0,0,47,0,286,0,686,0,859,0,0,0,0,199,26,837,593,0,1476,0,683,6,270,169,77,119,0,1273,271,0,0,0,0,0,5,0,42,0,256,0,680,143,0,0,6,0,130,226,80,363,0,0,46,0,68,0,301,0,74,0,27,0,16,189,1,0,19,249,0,22,157,0,179,0,0,11,407,0,228,0,507,35,198,0,53,0,22,392,146,408,194,0,68,0,160,0,0,0,0,0,0,0,0,0,2,92,269,0,229,0,287,116,0,0,1,0,48,776,0,53,0,0,0,0,0,0,0,0,0,0,0,0,0,0,0,0,0,0,0,0,0,0,0,0,0,0,0,0,0,0,0,0
RIFL,973,174,262,0,0,0,1710,0,0,0,0,59,0,83,0,3772,158,0,0,177,0,866,0,0,0,199,581,0,882,65,0,0,0,0,22,0,0,194,0,0,0,0,0,0,0,168,0,0,0,0,5,0,0,580,0,6,0,22,0,31,0,0,0,550,0,1525,0,109,0,0,0,112,0,35,0,0,8,1441,205,84,394,18,0,576,3553,5973,0,234,46,1859,296,189,0,43,0,0,0,0,0,0,0,0,1415,0,0,0,249,39,0,6,0,0,0,0,0,0,1,0,0,0,0,0,0,0,0,0,0,0,0,0,2,110,0,1,0,0,26,0,8,271,0,0,0,0,12,292,0,0,0,133,0,1509,6,0,2065,3128,1168,887,0,0,0,18,0,55,0,0,1865,0,105,0,25,11,897,0,0,0,0,0,0,0,0,0,0,0,0,0,0,0,0,0,0,0,0,0,0,0,0,0,0,0,0,0,0,0,0,0
RIFR,0,416,0,449,0,0,0,1355,0,0,42,0,112,0,34,0,4084,0,0,0,162,0,633,0,176,1516,19,973,0,1278,0,0,0,0,8,33,0,0,236,0,0,0,0,0,0,0,22,0,0,60,0,0,0,0,207,0,0,0,92,0,14,0,0,0,536,0,1003,0,32,0,0,0,292,0,316,0,0,15,1817,23,59,0,170,3027,991,1230,4876,146,130,0,3352,90,0,0,36,0,6,0,0,0,0,0,0,1082,0,1,299,0,40,0,127,0,0,0,0,19,0,0,0,0,0,0,0,0,0,0,0,0,0,4,0,0,0,0,25,27,10,48,0,0,980,0,0,0,0,0,220,0,0,0,127,0,1553,0,2480,2877,1320,607,0,0,0,0,57,0,162,0,0,1531,47,2,0,296,0,951,0,0,0,0,0,0,0,0,0,0,0,0,0,0,0,0,0,0,0,0,0,0,0,0,0,0,0,0,0,0,0,0
RIGL,300,7,7,0,0,0,0,0,307,0,261,0,0,0,0,0,0,0,0,0,0,0,0,75,0,332,1,0,73,0,0,0,292,864,13,29,3,139,0,2,0,225,0,527,0,356,0,735,0,1267,242,0,337,0,0,286,0,1012,0,462,0,810,0,0,0,0,0,100,994,0,24,31,5,815,5,4,169,0,212,236,648,656,349,0,0,0,0,58,0,450,0,0,1277,352,0,377,0,0,0,0,634,254,197,167,0,0,804,180,0,110,0,58,0,0,888,0,0,0,1,0,0,12,0,0,8,2276,1483,0,678,609,0,69,0,19,0,560,0,378,43,346,76,11,0,20,10,96,0,47,0,729,568,0,0,0,0,0,0,68,619,849,27,57,0,0,0,2206,0,0,0,0,100,1,174,0,0,0,0,0,0,0,0,0,0,0,0,0,0,0,0,0,0,0,0,0,0,0,0,0,0,0,0,0,0,0,0,0
RIGR,0,384,0,76,0,9,0,0,0,276,432,0,0,0,0,0,0,0,0,0,0,0,0,0,15,210,0,35,0,283,0,0,839,630,35,0,38,0,110,0,3,0,141,0,469,0,564,0,817,513,910,242,0,0,0,0,47,0,1122,0,515,0,517,0,0,0,0,977,7,0,0,20,37,118,892,103,3,519,0,661,0,351,335,0,0,0,0,0,7,0,246,0,1743,0,232,9,130,0,0,634,0,46,132,312,0,0,1007,0,353,0,0,0,77,581,0,0,0,13,1,0,35,0,0,0,45,1696,970,678,196,0,204,0,73,4,2,0,308,9,428,69,504,0,6,55,0,0,119,0,228,819,606,0,0,0,0,0,162,0,943,243,670,0,30,0,0,1425,0,0,0,0,0,27,0,136,0,0,0,0,0,0,0,0,0,0,0,0,0,0,0,0,0,0,0,0,0,0,0,0,0,0,0,0,0,0,0,0
RIH,113,64,0,0,28,1,0,0,0,0,0,0,0,0,0,0,0,0,0,0,0,0,0,124,129,148,0,0,2,0,0,0,97,92,7,319,0,1147,465,896,619,1293,984,62,11,668,622,1012,843,0,0,0,0,0,0,0,0,125,132,875,889,497,624,0,0,0,0,0,0,62,72,345,433,199,156,0,0,0,0,0,0,42,0,66,0,0,0,0,0,0,0,0,50,321,345,107,226,0,0,254,46,0,12,13,460,495,651,122,159,0,0,449,245,2,0,14,12,0,0,4,45,262,350,422,375,0,80,0,0,0,0,0,0,0,0,0,0,31,0,46,3,0,0,13,0,131,216,382,278,0,0,0,0,0,0,0,0,0,0,1,41,505,225,35,243,63,0,0,0,0,0,167,0,0,0,0,0,0,0,0,0,0,0,0,0,0,0,0,0,0,0,0,0,0,0,0,0,0,0,0,16,0,0,0,0,0
RIML,173,4,0,0,7,0,40,0,4,418,31,0,0,0,0,242,0,64,0,6,0,109,0,184,12,130,2,0,17,0,142,0,66,149,85,14,0,0,0,0,0,0,0,46,10,0,0,0,0,1171,1687,891,1554,11,123,0,0,0,0,50,10,81,21,1661,85,92,0,353,796,0,0,124,0,554,0,633,909,552,188,208,200,289,235,0,480,307,0,10,16,260,0,0,111,300,53,209,80,1415,0,197,132,12,0,184,0,0,0,0,0,0,0,0,2,548,99,0,0,386,1144,0,0,0,0,0,31,472,1260,5,74,644,61,232,0,553,152,352,74,247,3,88,0,577,713,760,382,0,0,0,0,0,0,0,0,0,38,53,0,251,692,774,93,0,85,0,44,80,2,0,163,105,192,238,12,60,0,0,0,0,0,0,0,0,0,0,0,86,0,374,0,973,0,0,0,0,0,0,0,0,0,0,0,98,0,497,0,432
RIMR,0,30,0,0,0,0,0,0,337,11,8,0,1,0,0,0,185,0,265,0,31,0,34,0,129,630,0,2,0,124,0,54,36,54,214,22,359,0,0,0,0,14,24,26,29,0,0,0,0,1859,1369,1888,1197,0,193,0,0,0,3,0,122,45,35,0,1329,0,28,1000,213,9,0,0,194,102,887,963,398,420,511,80,63,349,373,571,0,0,268,0,59,0,48,0,14,17,120,104,363,0,1082,167,312,13,184,0,0,0,0,0,0,0,0,10,12,77,481,0,0,869,324,4,0,6,0,0,5,1085,635,0,45,83,955,17,413,206,452,35,242,0,290,0,62,563,586,446,732,0,0,0,18,0,65,0,0,0,146,0,119,0,396,849,246,43,0,106,0,19,0,79,179,188,0,271,137,5,0,0,0,111,0,266,0,17,0,0,0,0,0,0,0,0,0,0,0,146,0,530,0,217,0,0,0,0,0,0,0,0
RIPL,0,0,0,0,0,0,0,0,0,0,0,0,0,0,0,0,0,0,0,0,0,0,0,0,0,0,0,0,0,0,0,0,0,0,0,0,0,7499,0,259,0,7689,0,0,0,2633,0,436,0,0,0,0,0,0,0,2,0,0,0,82,0,67,0,384,0,0,0,0,0,0,0,0,0,0,0,29,0,30,0,102,0,0,0,0,78,14,0,0,119,0,0,597,0,0,0,0,0,0,0,0,0,460,0,0,0,226,0,4462,0,0,0,4203,0,65,0,174,74,0,0,216,41,712,573,1020,365,0,0,191,43,0,0,0,0,0,0,7,0,0,34,0,0,0,0,0,0,7142,0,8392,0,0,0,0,0,0,0,0,0,0,0,0,0,1095,0,10,0,0,0,0,268,110,20,0,0,0,2195,934,17,30,0,0,0,0,0,0,0,0,0,0,0,0,1554,1520,23,2,0,0,0,0,0,0,0,0,0,0,0,0
RIPR,0,0,0,6,0,0,0,664,0,0,0,0,0,0,0,0,44,0,0,0,0,0,0,0,0,0,0,0,0,0,0,0,0,0,25,0,0,0,5376,0,404,0,8140,0,0,0,591,0,2059,0,0,0,0,0,163,0,251,0,47,0,8,0,220,0,1227,0,0,0,0,0,0,0,0,0,0,0,0,0,407,24,0,0,0,0,0,0,62,5,0,0,0,610,0,0,0,0,0,0,1,0,0,495,0,0,226,0,0,0,3731,0,0,0,3390,0,0,31,75,0,0,12,219,682,1643,870,851,0,0,0,92,0,0,0,0,0,6,33,43,0,0,0,38,0,0,0,0,0,7082,0,8528,0,0,0,0,0,0,0,0,0,0,0,0,0,14,0,1053,0,0,0,51,25,0,0,0,0,0,0,0,0,0,0,0,0,2202,298,39,2,0,0,0,0,0,0,0,0,0,0,0,0,1520,372,109,4,2,108,0,0
RIR,2098,1560,6,22,83,41,0,0,0,0,2144,102,101,0,0,197,213,0,0,0,2,0,0,351,331,0,33,65,419,1137,14,0,606,697,917,0,0,0,0,0,0,5,8,0,0,0,0,74,209,0,40,0,0,0,290,0,0,1724,1434,0,0,308,210,0,19,80,1,138,208,1,2,476,585,788,672,55,86,185,129,17,0,212,137,5,0,0,0,260,254,2831,2548,0,374,333,291,73,46,249,299,804,1007,651,0,0,0,0,0,0,0,0,0,7,10,291,207,0,11,0,0,0,0,0,0,0,155,2,72,0,0,21,5,1,16,0,8,5,32,99,27,387,214,5,17,4,0,0,0,9,25,0,0,0,12,0,0,0,2326,2033,0,0,434,0,0,0,0,69,0,0,0,0,27,142,0,0,0,0,0,0,0,0,0,0,0,0,0,0,0,0,0,0,0,0,0,0,0,0,0,0,0,0,0,0,0,0,0,0
IL1DL,0,0,155,0,92,0,49,0,0,0,31,81,69,0,0,6,0,89,0,81,0,15,0,146,0,0,9,0,0,0,110,85,136,47,0,0,0,5936,0,616,0,0,0,1449,212,4985,0,0,0,0,0,0,0,0,0,41,0,79,0,5722,0,0,0,29,0,24,0,46,0,74,34,53,0,36,0,0,0,21,0,105,162,10,0,65,2,173,0,0,0,0,0,451,48,86,0,74,0,39,0,180,0,122,0,0,4462,0,0,0,39,1554,0,8,0,0,0,0,743,0,0,2781,0,413,358,78,416,24,0,0,0,0,0,0,0,0,0,0,0,0,41,0,0,0,122,182,0,4916,0,0,0,11,0,96,0,188,36,45,107,0,18,3,89,2051,0,0,0,61,18,0,45,10,0,25,0,0,1610,430,118,182,6,3,0,25,0,0,0,0,0,0,0,0,0,0,0,0,0,0,0,0,0,0,0,0,0,0,0,0
IL1DR,0,1,0,161,0,156,0,0,0,0,0,34,116,0,0,0,12,0,29,0,202,0,23,0,162,0,0,0,0,0,71,66,84,84,0,0,0,0,4640,0,408,0,0,3,1715,0,5412,0,0,0,0,0,0,0,0,0,0,0,105,0,4930,0,0,0,85,0,12,2,57,83,99,0,27,0,23,0,8,4,12,66,74,5,115,17,24,29,133,0,0,0,0,437,80,0,87,0,68,0,40,0,353,159,0,0,0,3731,0,39,0,0,882,0,4,0,0,603,0,0,0,0,3560,694,61,1027,486,22,65,0,36,0,0,0,0,0,0,0,0,4,0,0,0,74,0,0,174,0,6170,0,10,0,0,0,185,361,95,24,0,92,55,147,133,0,1700,0,0,26,0,127,14,85,17,17,0,0,0,0,0,0,0,0,0,0,1832,841,266,168,0,0,0,1,0,0,0,0,0,0,0,0,0,0,0,0,0,0,0,0
IL1L,0,0,134,0,2,0,190,0,0,0,0,10,26,0,0,0,0,246,0,117,0,44,0,5,0,0,2,0,0,0,53,37,0,0,0,0,0,0,0,4510,0,0,0,1953,0,2,0,18,0,0,33,157,0,352,0,3147,0,503,0,677,0,0,0,0,0,0,0,18,0,0,31,0,0,0,0,2,0,0,0,2,0,361,355,0,0,55,0,0,0,0,0,823,7,421,254,104,0,6,0,110,0,0,0,0,0,0,0,1554,0,0,0,838,0,159,0,1120,450,803,491,953,631,360,46,3860,212,0,0,0,875,0,0,101,0,0,9,9,9,0,0,44,0,0,22,231,0,1307,0,1436,0,1938,0,1,0,252,22,32,0,0,0,1,0,11,0,67,0,26,70,0,31,24,0,0,661,0,6,745,0,354,0,30,0,0,0,0,0,0,0,0,0,0,3,1346,0,756,0,11,0,0,0,0,0,0,0,0,0,0
IL1R,0,0,0,68,0,40,0,401,0,112,0,3,23,0,0,0,0,0,450,0,50,0,37,0,92,0,0,8,0,0,5,9,18,49,0,0,0,0,0,0,3971,0,0,0,2790,0,0,0,1,127,0,0,21,0,107,0,2268,0,480,0,0,0,0,0,0,0,16,0,20,79,0,0,3,0,0,0,46,0,0,0,6,1006,177,0,0,0,435,0,0,0,0,12,2,138,174,0,301,0,127,0,0,0,0,0,0,0,0,0,882,0,0,0,1307,0,238,566,1229,519,540,895,581,163,3887,25,200,27,0,924,0,0,20,0,191,0,135,9,213,0,18,0,68,11,0,0,246,0,803,0,1770,0,1310,0,4,43,12,52,0,0,0,0,11,0,109,0,79,6,0,20,16,35,0,3,0,315,0,0,0,0,0,0,0,0,6,1239,0,267,0,2,0,0,0,0,0,0,0,0,0,0,126,1870,0,462,0,3,0,0
IL1VL,1,0,0,0,0,0,0,0,0,0,0,0,0,0,0,0,0,0,0,0,0,0,0,0,0,0,0,0,0,0,0,0,0,55,97,0,0,0,0,318,0,7129,0,1937,36,0,0,4286,0,38,0,0,0,0,0,0,0,215,0,0,0,5868,0,267,0,0,0,0,198,0,0,0,0,0,0,0,29,0,0,0,0,0,47,0,0,0,0,0,0,2,0,0,92,98,0,66,0,0,0,58,0,449,0,10,4203,0,7,8,0,838,0,0,14,0,19,3786,0,0,0,0,819,681,1199,61,567,75,48,45,0,159,0,240,0,284,0,105,33,38,0,96,0,107,0,0,8,0,0,5493,0,0,0,0,0,0,0,0,0,0,27,0,105,0,0,1356,0,41,0,0,179,177,0,8,0,0,0,0,0,0,0,0,0,0,0,0,0,0,0,0,0,0,1628,735,190,11,0,0,0,0,0,0,0,0,0,0,0,0
IL1VR,0,0,0,0,0,0,0,0,0,0,14,0,0,0,0,0,0,0,0,0,0,0,0,0,0,0,0,0,0,0,0,0,132,0,100,0,0,0,0,0,233,0,6327,19,1030,0,0,0,4185,0,15,0,0,0,0,0,0,0,204,0,0,0,4761,0,140,0,0,79,0,0,0,0,0,0,0,140,0,0,0,0,0,27,0,0,0,0,0,0,0,0,0,8,53,0,99,0,74,0,0,0,77,245,2,12,0,3390,10,0,4,0,1307,14,0,9,0,0,3029,0,0,758,0,506,2,1447,765,0,125,0,38,0,149,0,118,0,76,13,55,0,47,0,22,0,17,6,0,0,0,0,4759,0,0,0,0,0,0,0,0,0,8,45,23,0,0,0,1264,146,0,0,153,188,0,1,0,0,0,0,0,0,0,0,0,0,0,0,0,0,0,0,0,0,0,0,0,0,0,0,0,0,1879,246,113,2,6,0,0,0
RIVL,0,0,0,0,29,0,1,0,556,505,168,0,47,0,0,0,0,6,0,0,0,0,0,157,0,0,0,0,0,0,0,0,127,68,46,79,690,0,0,167,0,0,19,37,1,0,0,0,75,30,2046,1267,385,0,1532,120,0,0,0,46,67,0,17,138,215,0,0,337,0,107,53,21,0,0,28,948,226,44,285,483,59,129,56,157,5,0,0,91,639,0,0,435,270,569,276,43,0,0,0,0,581,2,548,77,65,0,291,0,0,159,0,0,9,0,1878,0,714,556,8,421,0,1,0,0,0,728,519,360,1220,31,95,0,1127,801,1201,149,122,234,441,0,333,26,2563,1317,116,8,0,0,9,328,0,0,0,0,0,0,270,0,296,42,275,52,9,0,103,55,0,0,665,1028,725,356,0,480,0,0,0,0,0,0,0,0,0,0,32,0,99,0,461,0,0,0,0,0,0,0,317,0,0,0,3,137,638,625,3161,719
RIVR,0,0,0,0,0,25,0,0,862,54,84,0,0,0,0,0,0,0,4,0,0,0,0,0,99,0,0,0,0,0,0,0,122,56,183,221,0,0,3,0,115,101,0,0,11,0,0,212,0,2266,46,300,1827,127,1743,2,199,5,0,31,144,123,0,10,144,0,0,0,610,11,27,0,35,26,0,184,897,334,42,48,674,84,88,83,159,0,11,74,461,0,7,600,108,402,261,0,27,0,0,888,0,0,99,481,0,0,207,0,0,0,238,19,0,1878,0,355,0,1,525,0,613,0,0,0,0,581,1116,1317,294,51,44,1706,1,1099,892,99,190,490,163,489,0,2346,0,93,1378,0,27,2,0,0,452,0,0,0,0,0,0,455,114,704,835,0,2,85,0,444,0,0,564,602,161,156,511,16,0,0,0,0,10,0,27,0,0,0,14,0,22,0,15,0,0,0,0,95,544,707,1857,1182,0,0,0,0,0,0,0,0
RMDDL,0,0,0,0,0,0,0,192,329,342,0,0,6,0,0,0,0,0,0,0,27,0,15,0,0,0,0,4,0,0,0,0,0,0,0,0,0,0,21,0,24,321,0,1170,182,175,759,351,0,562,0,0,38,0,28,39,508,0,14,0,424,2158,0,0,17,0,0,0,3,0,0,0,0,0,0,66,65,0,0,0,5,19,553,0,0,0,25,0,0,0,0,11,0,1006,731,17,0,0,19,0,0,14,0,0,174,31,0,0,603,1120,566,3786,0,0,355,0,435,334,807,124,2620,91,96,39,829,0,1,584,329,680,378,47,159,45,7,490,442,622,59,163,124,461,9,0,413,0,147,184,0,3,320,0,16,39,5,2,2,0,0,0,1,198,524,778,0,0,0,14,36,214,0,0,93,79,131,12,505,0,652,0,3,5,456,750,1497,1255,2330,1373,2608,419,355,379,102,208,392,28,342,0,0,17,0,10,0,0,0,0
RMDDR,0,0,0,0,0,0,120,0,386,218,0,0,0,0,0,0,0,0,0,0,0,0,0,0,0,0,0,0,0,0,0,0,0,0,0,0,0,131,0,54,2,0,178,95,824,1071,217,0,345,0,585,19,0,0,18,580,87,3,0,628,22,0,1433,20,1,0,0,1,0,0,0,0,0,0,0,51,86,0,0,0,0,314,0,0,0,0,3,0,0,0,0,0,0,643,1069,0,16,1,0,0,0,12,0,0,74,75,11,743,0,450,1229,0,3029,714,0,435,0,466,397,2600,98,124,103,155,577,11,0,260,518,303,420,327,0,9,81,357,351,79,450,89,70,8,454,388,1,355,0,0,142,65,3,45,0,0,0,0,0,0,0,0,0,633,193,0,771,0,0,0,181,35,0,102,155,24,968,656,1826,1857,2229,2103,2335,896,138,7,476,0,992,4,609,7,0,50,0,0,0,0,0,0,238,261,74,114,760,18,986,0
RMDL,0,0,0,0,0,0,54,0,0,914,0,0,0,0,0,0,0,0,0,0,0,0,0,0,0,0,0,0,0,0,0,0,0,0,0,0,0,0,0,85,583,0,0,137,479,132,67,15,126,79,0,49,30,0,0,196,193,21,0,0,0,0,0,40,0,0,0,0,0,0,0,0,0,0,0,13,36,0,0,0,0,313,12,0,0,0,0,0,0,0,0,0,28,674,794,7,189,0,0,0,13,0,386,869,0,0,0,0,0,803,519,0,0,556,1,334,466,0,1638,379,564,0,180,2,0,694,203,694,1216,694,549,0,993,4,861,247,792,22,80,1,313,210,205,229,206,0,0,0,0,166,385,0,0,0,0,0,0,0,1184,304,193,842,22,1188,90,1,0,0,82,265,0,587,604,963,0,4,0,93,0,395,0,115,0,98,0,719,0,803,0,338,0,94,0,597,0,732,0,297,0,106,0,700,38,745,218,541
RMDR,0,0,0,0,0,0,0,0,934,14,0,0,0,0,0,0,0,0,0,0,0,0,0,0,0,0,0,0,0,0,0,0,0,0,0,0,0,0,0,280,132,0,0,307,121,107,95,36,4,0,5,21,99,0,0,330,116,0,21,0,1,0,0,0,3,0,0,0,0,0,0,0,0,0,0,21,162,0,0,0,0,1,482,0,0,0,0,0,4,0,0,0,64,735,817,324,1,0,0,1,1,0,1144,324,0,0,0,0,0,491,540,0,0,8,525,807,397,1638,0,438,613,0,60,104,0,126,451,1183,868,401,527,1290,93,725,114,1027,214,74,79,199,49,321,161,115,275,0,0,0,0,362,120,0,0,0,0,0,0,0,306,1048,226,59,572,78,809,14,0,0,141,220,0,761,1317,305,0,4,0,600,0,888,0,236,0,110,0,138,0,421,0,933,0,48,0,477,0,1055,0,1048,0,171,0,685,0,612,0,1601
RMDVL,0,0,0,0,0,0,0,0,51,369,0,0,0,0,0,0,0,0,0,0,0,0,0,0,0,0,0,0,0,0,0,0,57,0,20,0,0,326,0,9,19,0,62,1041,53,411,86,0,1129,0,305,286,0,0,194,0,13,0,0,1486,0,0,742,0,11,0,0,0,10,0,0,0,0,0,0,113,30,2,13,0,87,94,336,0,0,0,0,0,71,0,0,0,0,1054,625,54,0,0,0,0,0,4,0,4,216,12,0,2781,0,953,895,0,758,421,0,124,2600,379,438,0,375,697,72,16,102,119,5,343,270,413,49,165,755,87,366,111,416,125,32,0,488,74,337,178,9,73,0,0,111,0,2,0,0,0,0,0,0,0,0,0,0,1081,60,0,310,0,0,0,76,15,36,21,330,27,365,171,175,147,366,3,1867,3,0,36,11,11,32,11,29,8,94,32,378,0,616,0,197,0,539,921,1166,1005,2405,764,1862,20
RMDVR,0,0,0,0,0,0,0,0,180,169,0,0,0,0,0,0,0,0,0,0,0,0,0,0,0,0,0,0,0,0,0,0,0,0,12,0,0,0,69,1,0,125,0,62,969,110,243,1743,0,335,0,0,152,11,134,9,32,0,15,0,1800,628,0,0,0,0,0,0,0,0,0,0,0,0,0,0,62,42,0,13,0,507,38,3,0,0,0,50,11,0,0,0,0,511,1214,0,19,0,0,0,35,45,0,0,41,219,0,0,3560,631,581,819,0,0,613,2620,98,564,613,375,0,1038,41,36,114,0,127,316,685,22,388,1123,40,528,7,640,196,93,84,698,3,226,26,12,165,0,150,118,0,42,0,0,0,0,0,0,0,0,0,0,0,79,853,229,0,0,0,0,63,157,0,3,331,479,0,8,0,9,13,101,164,91,218,292,266,224,518,15,1331,0,647,752,1840,1452,2590,1637,2228,293,110,15,422,0,744,0,27,0
RMED,0,0,0,0,0,0,0,0,0,0,0,0,0,0,0,0,0,0,0,0,0,0,0,0,0,0,0,0,0,0,0,0,0,0,0,0,0,602,786,727,891,989,961,470,326,208,661,280,297,0,0,0,0,0,0,0,0,6,2,264,212,644,639,0,0,0,0,5,0,0,0,0,0,2,0,0,0,0,0,0,0,0,9,0,0,0,0,0,0,0,0,0,3,25,0,61,249,0,0,12,0,262,0,6,712,682,0,413,694,360,163,681,506,1,0,91,124,0,0,697,1038,0,1800,1600,1970,0,0,0,0,0,0,0,0,0,0,0,59,291,53,0,0,717,573,193,254,489,737,1349,1878,0,0,0,0,0,0,0,0,0,0,0,0,16,14,21,0,3,0,0,0,0,0,0,0,0,104,2,496,0,1518,0,1447,0,440,15,1009,0,1561,0,1060,0,1608,0,1317,0,150,0,0,0,1345,0,2061,0,815,0,0,0
RMEL,0,0,0,0,0,0,0,0,0,0,0,0,0,0,0,0,0,0,0,0,0,0,0,0,0,0,0,0,0,0,0,0,0,0,0,0,0,833,1566,129,5559,815,2683,176,389,124,25,834,113,0,0,0,0,0,0,0,0,0,0,422,0,343,137,0,0,0,0,0,0,0,0,0,0,0,0,0,0,0,0,0,0,0,42,0,0,0,0,0,0,0,0,0,0,0,0,91,0,0,0,0,0,350,0,0,573,1643,0,358,61,46,3887,1199,2,0,0,96,103,180,60,72,41,1800,0,1026,1468,0,0,82,0,0,0,0,0,0,0,0,0,0,0,0,0,0,0,0,0,516,2296,1021,3041,0,1284,0,0,0,0,0,0,0,0,0,0,0,0,0,19,0,0,0,0,0,0,12,0,5,68,17,18,0,0,0,0,0,44,3313,213,1634,0,0,0,0,68,124,0,0,0,0,0,0,35,2705,91,1071,29,0,0,0
RMER,0,0,0,0,0,0,0,0,0,0,0,0,0,0,0,0,0,0,0,0,0,0,0,0,0,0,0,0,0,0,0,0,0,0,0,0,0,690,956,5232,99,1707,927,174,21,86,311,103,563,0,0,0,0,0,0,0,0,0,0,143,475,86,339,0,0,0,0,0,0,0,0,0,0,0,0,0,0,0,0,0,0,16,0,0,0,0,0,0,0,0,0,0,0,0,0,0,22,0,0,0,0,422,0,0,1020,870,0,78,1027,3860,25,61,1447,0,0,39,155,2,104,16,36,1600,1026,0,1556,0,0,0,28,0,0,0,0,0,0,0,0,0,0,0,0,0,0,0,0,2341,479,3206,1451,1693,0,0,0,0,0,0,0,0,0,0,0,0,0,0,4,0,0,0,0,0,0,0,1,0,0,4529,0,1262,0,0,0,0,30,53,1,0,0,0,0,0,44,3451,33,2651,0,0,0,0,103,67,122,0,66,0,0,0
RMEV,2,0,0,0,0,0,0,0,0,0,0,0,0,0,0,201,0,0,0,0,0,0,0,33,0,0,0,0,0,0,0,0,0,0,100,0,0,782,789,1076,746,1113,418,62,202,493,234,999,195,0,0,0,0,0,0,0,0,0,0,281,303,145,308,0,0,0,0,29,0,11,19,236,0,24,0,0,0,91,0,0,0,0,0,0,0,0,0,0,0,0,0,0,43,12,0,269,157,0,0,8,45,375,31,5,365,851,155,416,486,212,200,567,765,0,0,829,577,0,0,102,114,1970,1468,1556,0,0,0,0,0,1,160,63,0,40,0,0,126,0,0,221,168,228,155,859,651,1233,1193,650,873,0,0,0,0,0,0,0,0,0,0,7,39,0,0,14,35,0,0,0,67,0,8,18,0,0,894,0,1273,0,365,0,0,0,691,25,1640,0,685,0,51,0,215,1,371,0,686,0,1172,0,108,22,607,0,715,0,701,0
RMFL,0,0,0,0,0,0,0,0,509,0,0,0,0,0,0,0,0,0,0,0,0,0,0,0,0,0,0,0,0,0,0,0,0,441,16,0,19,13,3,0,35,293,0,8,409,21,56,136,0,1695,1488,2287,0,0,554,11,17,97,0,35,39,203,25,0,90,0,0,584,368,0,0,0,0,48,13,720,18,147,0,0,0,8,125,0,0,0,0,0,0,0,0,0,2978,159,33,223,0,0,0,2276,1696,0,472,1085,0,0,2,24,22,0,27,75,0,728,581,0,11,694,126,119,0,0,0,0,0,0,970,47,915,2,20,0,2,14,3,0,0,0,0,0,36,121,293,96,52,2,8,193,0,0,0,0,0,0,0,0,0,0,2631,2764,1345,0,3,0,0,2054,0,0,74,5,0,209,767,0,0,0,0,0,0,0,0,0,0,0,0,0,0,0,0,0,0,0,0,0,0,0,0,0,0,0,0,0,0,0,0,0
RMFR,0,1,0,0,0,0,0,0,5,34,0,0,0,0,0,0,0,0,0,0,0,0,0,0,0,0,0,0,0,0,0,0,273,38,64,99,0,0,1,0,28,28,51,135,125,0,194,0,404,2614,1642,14,2929,60,643,15,51,0,101,0,244,108,594,171,0,0,0,166,762,0,0,0,0,18,81,0,631,0,40,0,10,482,113,0,0,0,0,0,9,0,0,0,1928,97,100,0,179,0,0,1483,970,80,1260,635,0,0,72,0,65,0,0,48,125,519,1116,1,0,203,451,5,127,0,0,0,0,970,0,981,3,58,0,67,2,1,0,18,91,77,0,154,0,400,117,9,121,0,14,0,94,0,0,0,0,0,0,0,0,0,2280,2520,746,0,35,0,52,1667,0,0,29,72,0,89,27,950,0,0,0,0,0,0,0,0,0,0,0,0,0,0,0,0,0,0,0,0,0,0,0,0,0,46,0,63,0,122,0,217
RMHL,0,0,0,0,0,0,0,5,995,1898,0,0,0,0,0,0,0,0,0,0,0,0,0,0,0,0,0,0,0,0,0,0,0,0,33,153,0,67,19,0,48,206,0,0,25,436,121,843,0,56,178,184,539,630,1081,337,2200,13,57,8,0,0,0,14,31,0,0,10,237,0,0,0,0,0,0,644,671,0,13,23,0,19,4,0,0,0,0,0,70,0,0,0,64,84,0,0,0,0,0,0,678,0,5,0,191,0,0,0,0,0,924,45,0,360,1317,584,260,694,1183,343,316,0,82,0,0,47,981,0,1902,300,101,1657,76,1644,97,46,232,350,88,319,31,707,366,161,271,60,2,61,0,0,787,0,0,0,0,0,0,0,259,0,0,263,861,389,471,22,0,0,2157,1259,0,0,878,2467,0,0,2,0,120,0,0,0,0,665,5,1379,0,213,53,365,0,0,6,0,0,0,158,30,0,618,0,1327,0,513,0,687
RMHR,0,0,0,0,0,0,0,78,2766,2102,0,0,0,0,0,0,0,0,0,0,0,0,0,0,0,0,0,0,0,0,0,0,0,0,7,0,0,20,276,106,0,0,335,22,0,125,505,0,1000,48,296,406,129,0,1272,2147,257,103,2,3,1,0,138,3,109,0,0,36,0,0,0,0,0,0,0,636,367,158,0,166,5,2,0,0,0,0,0,77,17,0,0,4,2,0,100,0,0,0,0,678,196,0,74,45,43,92,0,0,36,875,0,0,38,1220,294,329,518,1216,868,270,685,0,0,28,0,915,3,1902,0,172,171,274,762,598,897,389,206,160,173,219,196,343,591,370,186,0,46,0,168,1040,0,0,0,0,0,0,0,0,26,279,0,1023,363,725,599,11,0,0,1182,2138,0,23,3900,976,0,347,31,775,281,801,41,987,0,0,18,0,52,0,381,0,0,355,0,873,0,358,0,595,0,0,0,0,4,47,0,4
SIADL,6,3,0,59,0,0,0,2024,0,5305,141,0,61,0,0,0,3,0,0,0,89,0,345,0,0,107,0,11,0,10,0,5,0,0,868,14,0,0,0,0,1,66,0,0,95,0,130,0,0,1634,84,564,60,1,436,4,404,40,79,55,0,331,0,74,56,0,0,0,884,0,66,0,0,227,2,36,476,9,148,0,497,386,578,31,79,0,0,33,54,213,0,0,0,311,191,187,11,0,4,609,0,0,644,83,0,0,21,0,0,0,0,159,0,31,51,680,303,694,401,413,22,0,0,0,1,2,58,300,172,0,657,2867,207,3716,110,1293,736,3887,0,40,110,1543,18,657,939,0,0,96,0,283,231,0,104,470,30,37,26,119,676,897,3,0,216,0,0,55,0,271,742,195,11,55,56,327,0,0,0,0,0,0,0,0,0,0,0,19,0,46,0,1,0,0,0,0,0,0,0,0,0,0,0,0,0,0,0,0
SIADR,0,4,126,0,0,0,1551,0,4355,0,199,53,0,0,0,0,0,0,0,220,0,108,0,0,0,0,75,0,0,0,0,0,14,29,880,0,0,0,0,0,0,0,279,32,21,249,0,0,0,172,1251,87,830,405,3,164,59,56,8,0,101,0,212,140,212,0,0,828,0,37,0,0,0,0,424,740,264,278,0,543,0,441,318,175,21,0,0,19,176,0,184,0,183,72,469,0,407,2,0,0,204,0,61,955,0,0,5,0,0,0,20,0,149,95,44,378,420,549,527,49,388,0,0,0,160,20,0,101,171,657,0,263,2584,122,3456,1037,917,0,3395,6,37,5,1176,1492,1270,0,0,0,390,203,127,292,0,444,33,19,562,0,534,381,418,298,0,0,0,123,116,0,259,1114,0,21,453,61,0,0,0,19,0,97,0,0,0,0,0,0,0,0,0,0,0,0,0,0,0,0,0,0,0,0,0,0,0,0,0,0
SIAVL,573,0,0,0,0,0,4,0,264,0,184,0,0,0,0,4,0,0,0,0,0,0,0,0,0,234,0,0,13,0,0,0,0,0,1677,156,11,0,0,278,0,206,0,105,0,0,0,849,0,273,38,115,939,153,151,1593,0,99,0,0,0,193,0,862,0,0,0,0,183,0,0,15,0,23,0,301,166,122,238,0,257,57,721,0,117,134,0,114,236,222,0,0,0,121,572,207,0,110,0,69,0,0,232,17,0,0,1,0,0,101,0,240,0,0,1706,47,327,0,1290,165,1123,0,0,0,63,0,67,1657,274,2867,263,0,0,6261,115,3116,608,1907,0,3149,0,519,55,5,938,0,0,189,0,213,58,52,0,0,104,125,0,249,193,438,0,0,0,106,0,0,72,0,1398,314,243,38,517,0,0,0,0,0,0,0,0,0,0,0,0,0,0,0,0,0,0,0,0,2,0,77,195,996,0,0,0,0,0,0,0,0
SIAVR,0,813,0,0,0,0,0,0,0,379,200,0,0,0,0,0,7,0,0,0,0,0,0,0,0,1097,0,17,0,7,0,0,0,0,1369,1513,152,0,0,0,490,0,166,0,188,0,0,0,371,141,175,562,156,0,412,0,1590,0,23,0,0,0,79,0,1108,0,0,185,0,0,0,0,0,0,13,148,414,640,14,760,0,862,149,274,0,0,105,347,937,0,180,676,13,286,127,0,228,0,0,0,73,0,0,413,0,0,16,0,0,0,191,0,118,1127,1,159,0,993,93,755,40,0,0,0,0,2,2,76,762,207,2584,0,0,280,4356,1052,2640,52,1902,0,2759,75,283,973,8,0,0,0,167,9,521,0,20,0,0,0,365,0,142,340,143,0,0,0,251,2,0,0,717,1704,0,75,0,683,0,0,0,0,0,0,0,0,0,0,0,0,0,0,0,0,0,0,0,0,0,0,0,0,0,0,0,8,55,38,12,361
SIBDL,173,1,0,92,302,0,0,1610,7,1172,240,0,45,0,0,0,27,0,0,0,77,3,219,63,0,36,0,13,6,5,197,1,58,0,641,0,0,0,0,13,15,330,0,1,68,0,0,1604,0,552,19,232,453,0,116,1571,174,290,159,54,102,282,0,919,64,0,0,108,142,0,113,403,0,134,212,317,159,167,491,147,796,6,227,137,261,0,0,62,275,10,11,11,0,185,115,308,0,1,0,19,4,0,553,206,0,0,0,0,0,0,0,284,0,801,1099,45,9,4,725,87,528,0,0,0,40,14,1,1644,598,3716,122,6261,280,0,484,3267,930,2830,360,1520,0,634,123,209,97,0,0,203,0,0,208,0,238,561,97,66,42,378,14,153,0,0,1,305,0,0,0,139,882,144,493,37,687,379,0,0,0,0,0,0,0,0,0,0,0,0,0,0,0,0,0,4,0,130,182,421,62,2646,0,0,0,0,0,0,0,0
SIBDR,0,66,94,0,0,285,1218,0,3293,89,124,36,0,0,0,4,0,0,26,117,0,60,12,0,148,74,72,0,36,29,2,219,115,83,536,0,0,0,0,4,59,0,193,141,11,0,0,0,2089,2,223,754,369,15,14,301,408,147,0,141,88,0,384,141,729,14,0,305,94,120,0,0,253,248,265,157,605,573,10,688,285,97,9,276,48,0,2,68,1062,0,1,557,0,50,149,0,507,0,25,0,2,0,152,452,0,6,8,0,0,9,135,0,76,1201,892,7,81,861,114,366,7,0,0,0,0,3,0,97,897,110,3456,115,4356,484,0,1069,2852,514,2679,0,1910,56,839,181,247,0,0,0,161,773,0,279,0,171,64,123,295,0,137,0,6,10,0,0,839,0,38,0,655,892,95,0,313,431,0,0,0,0,0,0,0,0,0,0,0,0,0,0,3,0,0,0,0,0,0,0,0,0,0,22,0,57,6,393,0,2088
SIBVL,554,0,0,6,0,0,0,947,367,0,742,0,0,0,0,42,0,0,0,0,0,0,0,0,0,1330,0,0,0,0,0,0,154,93,1586,311,70,4,0,163,213,88,89,44,80,1452,0,57,50,470,141,54,65,0,308,1083,935,61,3,11,34,248,341,1068,90,0,0,173,109,0,0,1,11,18,29,4,69,435,667,1535,141,13,267,224,9,0,1050,769,1001,211,27,400,0,111,20,302,35,0,27,560,0,0,352,35,7,33,5,0,0,9,9,105,13,149,99,490,357,247,1027,111,640,0,0,0,0,0,18,46,389,1293,1037,3116,1052,3267,1069,0,2647,1269,1622,78,210,29,1,97,42,0,0,140,98,297,123,0,111,0,109,0,0,210,171,109,0,445,0,0,125,0,0,123,455,945,722,108,629,283,0,0,0,233,57,448,398,726,0,0,0,0,0,0,0,0,0,0,0,0,0,0,0,0,0,0,0,0,0,0,0,0
SIBVR,0,464,0,0,0,0,200,0,0,266,563,0,0,195,0,127,36,0,0,0,0,0,0,0,8,83,0,72,0,41,0,0,138,95,1471,31,0,0,0,50,160,85,135,36,81,0,1138,170,115,416,278,56,129,1192,307,906,1374,20,18,13,20,338,103,148,518,2,0,141,143,0,0,0,18,222,11,62,142,633,709,207,915,342,36,39,42,215,0,393,988,21,79,0,87,13,144,155,198,26,10,0,308,0,74,242,0,43,32,0,0,9,213,33,55,122,190,442,351,792,214,416,196,59,0,0,126,0,91,232,206,736,917,608,2640,930,2852,2647,0,1303,1394,229,564,83,84,18,69,0,0,203,158,158,399,125,0,0,68,254,271,90,113,67,239,0,256,159,65,16,31,0,1997,389,3504,69,202,548,0,0,0,0,38,0,912,0,0,47,0,117,17,233,267,846,0,0,0,0,0,0,0,0,0,0,0,1,0,0,0,0
SMBDL,727,0,0,12,0,0,0,988,0,2086,69,0,1,0,0,0,0,0,0,0,27,0,6,0,0,356,13,0,297,0,0,0,21,0,535,499,230,0,3,3,0,33,0,0,3,0,942,0,0,895,92,335,605,0,359,78,814,9,256,78,0,297,0,349,152,0,0,0,430,0,43,96,0,1417,56,124,328,21,114,91,76,85,327,9,24,0,22,115,34,0,0,70,14,249,11,53,0,0,48,378,9,31,247,0,0,0,99,0,4,0,0,38,0,234,490,622,79,22,74,125,93,291,0,0,0,0,77,350,160,3887,0,1907,52,2830,514,1269,1303,0,181,3110,274,333,0,63,1,0,6,11,0,145,306,0,110,179,3,1,0,181,340,283,0,21,861,0,0,91,0,42,488,201,212,42,157,102,0,0,0,0,8,0,593,0,555,140,758,144,965,59,1572,197,0,0,0,0,0,0,0,0,0,0,0,0,0,0,0,0
SMBDR,0,711,11,0,0,0,913,0,2953,8,44,0,0,0,0,0,0,0,0,15,0,12,0,0,0,169,8,40,0,92,0,0,35,25,520,4,10,33,0,0,40,0,159,14,6,1935,0,0,0,125,1019,646,212,1615,0,468,49,110,0,0,128,0,261,51,460,0,0,390,0,8,0,0,14,117,1751,308,100,81,0,158,5,305,110,15,0,29,0,44,330,0,1,12,156,16,337,0,53,8,0,43,428,0,3,290,34,0,27,41,0,0,18,0,47,441,163,59,450,80,79,32,84,53,0,0,0,0,0,88,173,0,3395,0,1902,360,2679,1622,1394,181,0,171,3405,0,447,13,127,39,0,0,100,251,517,15,0,101,1,0,86,0,411,385,410,826,29,0,0,21,5,0,270,481,0,0,10,169,650,58,447,368,976,176,1835,241,0,0,0,0,0,0,15,0,0,0,0,0,0,0,0,0,0,0,0,0,0,0,0,0
SMBVL,1481,0,1149,0,52,0,0,0,256,0,26,15,0,74,0,601,0,0,0,28,0,30,0,0,0,0,632,0,1846,0,6,0,0,0,339,3,0,0,0,397,0,2,0,174,0,0,0,1491,0,679,99,0,911,1,5,519,0,44,0,0,0,95,0,256,0,229,0,0,6,0,0,185,0,1813,7,147,1,59,98,0,83,29,94,0,270,10,0,125,0,208,0,0,76,214,35,3,0,271,0,346,69,46,88,0,0,0,387,0,0,44,0,96,0,0,489,163,89,1,199,0,698,0,0,0,221,0,154,319,219,40,6,3149,0,1520,0,78,229,3110,171,0,543,110,8,0,540,0,0,0,0,99,0,363,0,0,240,225,0,1261,192,43,0,0,0,730,0,100,45,0,845,27,276,24,641,0,0,0,0,0,0,0,0,0,0,0,0,0,0,0,0,0,580,153,999,582,1926,821,2090,1573,0,0,0,0,0,0,0,0
SMBVR,0,1511,0,1454,0,0,0,52,0,327,86,0,16,0,92,0,613,0,0,0,62,0,0,0,13,89,0,492,0,958,0,0,0,0,153,204,88,0,0,0,146,0,13,0,46,0,0,0,725,112,1015,860,0,0,249,0,442,0,41,0,0,0,162,0,353,0,226,51,0,0,0,5,161,275,1741,38,0,83,96,334,0,0,130,443,0,0,89,60,249,0,361,3,50,22,254,0,22,0,980,76,504,3,0,62,0,38,214,0,0,0,68,0,22,333,0,124,70,313,49,488,3,0,0,0,168,36,0,31,196,110,37,0,2759,0,1910,210,564,274,3405,543,0,43,108,468,0,0,0,0,0,6,93,0,780,0,144,270,735,0,99,122,207,0,0,0,672,4,0,144,88,683,0,315,0,1077,0,0,0,0,0,0,0,0,0,0,0,0,0,0,0,0,0,0,0,0,0,0,0,0,389,184,404,370,1283,415,1304,1705
SMDDL,0,18,0,12,0,0,73,163,238,2463,0,0,22,0,0,0,26,0,0,0,96,0,29,0,0,10,0,42,0,18,0,0,0,0,0,0,0,0,0,0,26,0,0,207,461,0,114,0,0,460,5,402,3637,40,70,0,150,2,269,13,518,47,0,121,15,0,1,0,561,0,43,0,0,111,0,239,1109,0,8,0,247,505,73,19,97,0,0,0,23,0,4,0,16,809,894,69,392,0,0,11,0,0,577,563,0,0,5,0,74,0,11,107,0,26,2346,461,8,210,321,74,226,717,0,0,228,121,400,707,343,1543,5,519,75,634,56,29,83,333,0,110,43,0,184,168,2165,0,31,0,0,0,427,0,139,85,14,11,152,340,182,294,113,0,620,25,0,18,0,22,670,645,52,393,242,194,8,0,0,0,158,0,7,0,50,0,302,12,619,3,77,9,152,0,118,11,4,49,0,62,17,0,6,0,0,0,0,0
SMDDR,0,0,3,0,0,0,102,0,2735,1138,0,3,0,0,0,2,0,0,0,63,0,18,0,0,0,0,30,0,3,0,0,0,0,0,1,0,89,0,0,19,0,0,0,607,164,0,7,0,0,34,595,2631,578,30,87,123,0,21,0,370,6,0,74,22,85,0,0,736,0,12,0,0,0,0,112,1248,195,0,0,44,0,64,421,7,13,0,24,0,82,0,0,0,46,563,762,239,146,0,0,0,6,0,713,586,0,0,17,122,0,22,0,0,17,2563,0,9,454,205,161,337,26,573,0,0,155,293,117,366,591,18,1176,55,283,123,839,1,84,0,447,8,108,184,0,2470,304,0,0,0,0,405,0,65,0,106,48,144,52,0,342,100,24,532,0,0,5,5,32,0,235,370,0,749,286,494,19,0,244,22,520,71,1296,0,0,0,6,0,0,0,0,0,20,0,50,0,0,0,0,0,76,0,145,0,75,7,0,0
SMDVL,0,0,0,0,0,0,0,0,0,1064,152,0,5,0,0,0,0,0,0,0,0,0,0,47,0,45,0,0,0,0,0,0,138,34,306,377,0,0,0,130,0,0,0,103,336,44,10,0,0,244,1988,1274,284,0,213,37,0,0,0,135,11,0,376,0,286,0,0,56,155,2,12,0,0,33,0,661,315,5,23,60,146,543,54,58,0,0,0,2,75,0,121,266,12,580,805,83,408,0,0,20,55,13,760,446,0,0,4,182,0,231,0,0,6,1317,93,0,388,229,115,178,12,193,0,0,859,96,9,161,370,657,1492,5,973,209,181,97,18,63,13,0,468,168,2470,0,805,26,0,0,11,37,204,0,0,0,0,0,62,0,286,293,398,0,0,0,665,0,0,0,109,303,0,724,0,215,84,0,202,0,14,0,0,0,0,0,10,0,0,0,0,0,18,0,59,0,0,0,0,0,125,0,457,46,560,350,83,60
SMDVR,0,0,0,0,0,4,0,0,558,97,35,0,0,0,0,4,0,0,20,0,0,0,0,0,99,0,0,0,0,0,0,0,91,115,398,0,0,0,1,0,56,0,0,447,153,0,41,0,0,2052,295,331,1647,234,303,0,74,0,2,14,158,453,0,137,0,0,0,229,25,5,0,0,3,21,104,245,516,18,22,21,25,78,460,0,0,29,0,0,43,0,6,0,6,850,582,334,194,12,0,10,0,0,382,732,0,0,0,0,174,0,246,8,0,116,1378,413,1,206,275,9,165,254,0,0,651,52,121,271,186,939,1270,938,8,97,247,42,69,1,127,540,0,2165,304,805,0,0,59,82,0,276,265,0,0,0,7,20,0,46,131,243,298,0,18,796,0,0,0,0,609,163,71,572,96,1,10,0,0,0,19,0,0,0,84,0,130,0,5,0,0,0,221,0,466,100,680,633,46,135,1,0,17,0,0,0,0,0
URADL,0,0,204,0,45,0,0,0,0,0,4,10,28,0,0,2,0,29,0,87,0,16,0,90,0,0,0,0,0,0,12,35,47,0,0,0,0,7381,0,4403,0,0,0,31,0,2611,0,0,0,0,0,0,0,0,0,0,0,560,0,4165,0,0,0,52,0,0,0,20,0,51,24,5,0,0,0,1,0,79,0,76,123,0,0,125,150,209,0,9,231,1,0,401,36,0,0,15,0,292,0,96,0,131,0,0,7142,0,0,4916,0,1307,0,0,0,8,0,0,355,0,0,73,0,489,516,2341,1233,2,0,60,0,0,0,0,0,0,0,0,0,0,39,0,0,0,0,26,0,0,0,35,0,0,0,139,0,88,6,31,145,0,7,0,72,2927,0,0,0,30,7,0,102,37,12,4,0,0,7221,2290,989,364,0,35,0,0,0,0,0,0,0,0,0,0,0,13,0,0,0,0,0,0,0,0,0,0,0,0,0,0
URADR,0,0,0,73,0,31,0,0,0,0,0,2,1,0,0,0,44,0,33,0,266,0,37,0,75,0,0,11,0,0,51,47,9,64,0,0,0,0,7731,0,4546,0,42,0,92,0,2501,0,0,0,0,0,0,0,0,0,0,0,63,0,2714,0,0,0,95,0,19,0,8,73,69,0,0,0,4,0,6,21,59,42,98,0,21,105,196,392,98,0,0,0,0,406,113,0,0,0,68,0,220,0,119,216,0,0,0,7082,0,0,6170,0,803,0,0,0,27,147,0,0,0,0,150,737,2296,479,1193,8,14,2,46,0,0,0,0,0,0,0,0,6,0,0,0,31,0,0,59,0,0,0,0,0,0,0,120,209,32,79,0,91,109,69,101,0,1801,0,0,22,0,10,42,183,3,26,0,0,0,0,0,0,0,0,0,0,7177,888,718,605,0,0,0,0,0,0,0,0,0,0,0,0,0,29,0,0,0,0,0,0
URAVL,0,0,0,0,0,0,0,0,0,0,12,0,0,0,0,0,0,0,0,0,0,0,0,0,0,0,0,0,0,0,0,0,0,88,86,0,0,0,0,2779,0,8197,0,30,0,0,0,2177,0,58,0,0,0,0,0,16,0,252,0,0,0,2338,0,229,0,0,0,0,187,0,0,0,0,0,0,0,0,0,14,0,0,0,26,0,0,0,0,0,0,0,0,0,133,126,0,274,0,0,0,47,0,382,0,0,8392,0,9,0,0,1436,0,5493,0,0,2,184,0,0,0,0,118,1349,1021,3206,650,193,0,61,0,96,0,189,0,203,0,140,203,11,0,0,0,0,0,0,82,35,0,0,0,0,0,0,0,0,0,0,0,0,52,0,143,0,0,799,0,79,0,0,62,106,18,25,0,0,0,102,0,0,0,0,0,0,0,0,0,0,0,0,0,0,8059,4991,109,419,0,0,0,0,0,0,0,0,0,0,0,0
URAVR,0,0,0,0,0,0,0,0,0,0,40,0,0,0,0,0,0,0,0,0,0,0,0,0,0,0,0,0,0,0,0,0,23,0,119,0,0,0,0,0,2986,0,10108,0,147,0,0,0,2902,0,15,0,0,0,0,0,48,0,179,0,0,0,1402,0,257,0,0,171,0,0,0,0,0,0,0,39,0,44,0,0,0,11,0,0,0,0,0,2,0,0,0,0,275,0,62,0,160,0,0,0,228,278,0,18,0,8528,25,0,10,0,1770,0,4759,9,0,0,142,0,0,111,0,1878,3041,1451,873,0,94,0,168,0,390,0,167,0,161,98,158,0,100,0,0,0,0,11,0,0,0,0,0,0,0,0,0,0,0,0,0,0,0,23,32,0,0,0,1094,18,0,0,130,98,0,3,0,0,0,0,0,0,0,0,0,0,0,0,0,0,0,0,0,0,0,0,0,0,0,0,0,0,9625,2475,2102,222,0,0,0,0
ADEL,0,0,0,0,0,0,1216,0,3196,0,1024,0,0,0,0,0,0,0,0,104,0,31,0,0,0,775,0,0,1,0,0,0,0,0,286,926,1702,0,0,1697,0,0,0,889,0,0,0,0,0,0,423,95,347,388,0,2047,0,9,0,0,0,0,0,973,91,0,0,0,0,361,0,0,0,0,0,633,820,0,139,446,50,0,153,464,2,480,0,198,0,185,105,325,402,82,0,0,0,133,0,729,819,0,0,0,0,0,0,11,0,1938,0,0,0,328,0,3,65,166,362,0,42,0,0,1693,0,0,0,0,1040,283,203,213,9,0,773,297,158,145,251,99,6,0,405,37,276,0,0,0,0,0,6569,0,0,238,51,305,567,88,443,37,156,81,0,269,0,86,126,0,0,0,0,69,155,0,0,232,0,1042,0,685,0,0,0,0,0,0,0,0,0,0,0,34,0,1246,0,0,0,0,0,0,0,0,0,0,0,0
ADER,0,0,0,7,0,0,0,832,0,3499,371,0,8,0,0,0,0,0,1,0,107,0,24,0,0,970,0,14,0,0,0,0,0,0,261,1474,2578,0,0,0,1400,0,0,0,658,0,0,0,0,466,0,184,59,96,425,0,2581,0,243,0,0,0,0,293,397,0,0,0,0,0,127,0,0,0,0,653,540,0,44,6,184,31,29,0,214,0,683,191,620,133,4,498,230,0,101,0,0,0,127,568,606,0,0,65,0,0,0,0,0,0,1310,0,0,0,452,320,3,385,120,2,0,0,1284,0,0,0,0,787,0,231,127,58,521,208,0,123,399,306,517,0,93,427,0,204,265,0,0,0,0,6569,0,0,1,189,54,47,0,603,358,72,148,0,85,0,373,27,0,20,0,0,0,24,0,57,0,0,0,0,0,0,0,0,0,56,0,1079,0,0,0,0,0,0,0,0,0,0,0,0,0,5,0,997,0,0,0,0
AIML,234,0,24,0,0,0,1250,0,21,0,0,109,0,6189,0,808,0,353,0,5334,108,2428,0,0,0,0,562,0,1323,0,87,0,0,0,0,0,0,47,0,19,0,0,0,0,0,169,0,0,0,0,0,0,5,1,0,0,0,1278,0,45,0,0,0,228,0,3327,0,218,0,0,0,157,0,70,0,80,0,14,8,278,1,184,0,415,161,96,0,0,0,0,0,154,0,0,0,0,0,1509,0,0,0,0,0,0,0,0,0,96,0,1,0,0,0,0,0,0,45,0,0,0,0,0,0,0,0,0,0,0,0,0,292,52,0,0,279,0,125,0,15,363,0,0,65,0,0,139,0,0,0,0,0,0,196,361,1423,2598,451,5,0,0,0,120,0,221,0,0,1784,8,254,0,280,0,1111,0,0,0,0,0,0,0,0,0,0,0,0,0,0,0,0,0,0,0,0,0,0,0,0,0,0,0,0,0,0,0,0,0
AIMR,0,154,0,2,0,0,0,1684,0,138,0,0,168,0,5249,5,924,0,256,2,5184,0,2104,0,28,71,0,758,0,799,0,228,0,0,0,0,0,0,277,0,103,0,0,0,68,0,94,0,0,6,0,28,0,0,3,0,101,0,1464,0,125,0,0,0,166,0,3512,0,187,0,0,0,99,0,253,0,26,0,69,2,299,0,311,375,430,23,1012,0,0,0,0,231,0,0,0,0,0,6,1553,0,0,0,0,0,0,0,12,0,185,0,4,0,0,0,0,16,0,0,0,0,0,0,0,0,0,0,0,0,0,104,0,0,20,238,0,111,0,110,0,0,780,139,0,0,0,0,120,0,0,0,1,196,0,566,1787,2476,39,1124,0,0,0,0,165,0,279,0,0,1912,0,368,0,173,0,1936,0,0,0,0,0,0,0,0,0,0,0,0,0,0,0,0,0,0,0,0,0,0,0,0,0,0,0,0,0,0,0,0
ALA,0,4,2767,1633,0,0,215,491,603,110,0,332,515,0,0,40,0,0,0,2886,3379,1434,2291,0,0,0,677,264,89,46,0,104,0,0,0,0,0,167,95,208,80,0,0,60,74,196,532,0,0,24,13,0,0,53,0,140,80,454,405,101,284,0,0,0,0,135,31,71,295,0,0,0,0,0,25,0,0,0,0,382,530,1033,600,333,620,0,0,0,0,0,0,0,0,0,0,0,0,0,0,0,0,0,0,0,0,0,0,188,361,252,43,0,0,0,0,39,0,0,0,0,0,0,0,0,0,0,0,0,0,470,444,0,0,561,171,0,0,179,101,0,0,85,106,0,0,88,209,0,0,238,189,361,566,0,1927,652,733,217,0,0,0,49,37,0,0,0,4169,2686,0,0,0,0,17,0,0,0,0,0,0,0,0,0,0,0,0,0,0,0,0,0,0,0,0,0,0,0,0,0,0,0,0,0,0,0,0,0
AVFL,0,8,506,572,0,0,147,29,54,19,0,197,720,0,0,1746,2132,0,0,1882,1790,1134,1862,0,0,330,1692,990,781,138,0,0,0,0,138,0,0,8,58,209,48,0,0,26,28,29,26,0,0,1,0,0,2,0,0,35,40,42,98,17,50,0,0,212,343,407,588,24,119,0,0,32,0,0,39,0,0,144,358,151,321,24,1,570,268,1232,1408,1,1,0,40,0,0,0,0,0,0,2065,2480,0,0,0,38,146,0,0,0,36,95,22,12,0,0,0,0,5,0,0,0,0,0,0,0,0,0,0,0,0,0,30,33,104,0,97,64,109,68,3,1,240,144,14,48,0,7,6,32,0,0,51,54,1423,1787,1927,0,9344,83,572,0,0,0,0,20,71,6,0,3766,5094,157,0,140,0,1460,1321,0,0,0,0,0,0,0,0,0,0,0,0,0,0,0,0,0,0,0,0,0,0,0,0,0,0,0,0,0,0,0,0
AVFR,5,17,169,110,0,0,269,488,533,9,0,72,185,0,0,1612,1276,0,0,1878,1785,332,279,0,0,496,917,1194,586,466,0,0,0,0,197,2,0,19,45,121,64,0,0,140,12,92,72,0,0,0,2,0,16,17,0,54,33,72,160,68,30,2,0,117,54,120,29,0,6,0,0,8,0,0,40,0,26,310,316,340,643,104,95,1397,737,2550,1438,59,123,0,62,0,0,0,0,0,0,3128,2877,0,0,0,53,0,0,0,0,45,24,32,52,0,0,0,0,2,0,0,0,0,0,0,0,0,0,0,0,0,0,37,19,125,0,66,123,0,254,1,0,225,270,11,144,0,20,31,79,0,0,305,47,2598,2476,652,9344,0,569,1302,0,0,0,0,30,193,282,0,3203,3661,170,0,415,0,1904,1594,0,0,0,0,0,0,0,0,0,0,0,0,0,0,0,0,0,0,0,0,0,0,0,0,0,0,0,0,0,0,0,0
AVHL,2,1992,212,1396,0,0,651,29,673,102,1745,24,23,0,0,442,2728,0,0,359,0,236,0,0,1,292,198,957,324,4369,0,0,57,0,956,535,2,154,0,0,0,0,0,12,0,126,0,0,83,0,269,0,0,552,90,22,0,99,1133,120,0,0,132,0,684,0,25,39,0,331,0,0,114,0,545,0,805,1088,1597,1089,16,252,1,2747,405,794,0,998,1482,140,7967,8,80,5,0,0,0,1168,1320,0,162,0,0,119,0,0,2326,107,0,0,0,0,0,270,0,2,0,0,0,0,0,0,0,0,0,0,0,0,0,26,562,0,365,42,295,0,271,0,86,0,735,152,52,62,0,145,0,0,0,567,0,451,39,733,83,569,0,733,263,378,96,41,0,0,0,146,57,32,621,1,0,0,0,154,0,0,0,0,0,0,0,0,0,0,0,0,0,0,0,0,0,0,0,0,0,0,0,0,0,0,0,0,0,0,0,0
AVHR,3197,0,1136,523,14,0,125,639,0,556,1245,39,5,0,0,2132,248,0,0,0,180,0,130,28,0,416,1512,96,3993,17,0,0,0,53,1189,1024,0,0,170,0,0,0,0,0,0,0,98,117,0,169,0,0,14,196,392,0,0,588,144,0,74,101,0,1463,0,176,0,0,0,0,117,56,0,469,0,344,141,877,599,0,1452,3,20,6,2157,1446,116,1456,5,7734,41,0,0,0,0,0,0,887,607,68,0,0,251,0,0,0,2033,0,92,0,0,0,0,0,455,0,0,0,0,0,0,0,0,0,0,0,0,0,0,119,0,249,0,378,0,210,90,181,0,1261,0,340,0,0,46,0,91,0,0,88,603,5,1124,217,572,1302,733,0,13,33,0,0,128,0,0,0,7,285,275,0,728,0,86,0,0,0,0,0,0,0,0,0,0,0,0,0,0,0,0,0,0,0,0,0,0,0,0,0,0,0,0,0,0,0,0,0
AVKL,0,0,0,0,0,0,0,0,0,220,265,0,0,0,0,0,0,0,0,0,0,0,0,0,0,5,0,0,0,0,0,0,0,32,0,58,35,1,26,0,0,33,0,0,88,21,18,155,6,244,253,12,31,27,0,0,2,6,17,176,272,126,18,47,0,0,0,563,525,0,0,0,0,167,273,2,346,106,162,9,0,799,487,0,0,0,0,26,5,374,166,0,2781,0,9,62,2,0,0,619,943,0,692,396,0,0,0,18,55,0,0,27,8,296,114,0,0,1184,306,0,0,0,0,0,0,2631,2280,259,26,676,534,193,142,14,137,171,113,340,411,192,99,182,342,286,131,7,109,52,0,443,358,0,0,0,0,0,263,13,0,3724,3575,10,79,12,0,1847,0,0,63,114,0,889,200,237,0,0,0,0,0,0,0,0,0,0,0,0,0,0,0,0,0,0,0,0,0,0,0,0,0,0,0,0,0,30,0,0
AVKR,0,0,0,0,0,0,0,0,572,0,157,0,0,0,0,0,0,0,0,0,0,0,0,0,0,33,0,0,0,0,0,0,0,19,20,128,290,8,2,0,14,36,7,41,55,1,40,125,82,1210,208,127,38,52,0,2,9,0,2,98,39,3,263,20,12,0,0,827,460,0,0,0,0,196,34,59,185,210,161,1,2,983,922,0,0,0,0,25,151,447,216,0,1701,19,18,4,92,0,0,849,243,1,774,849,0,0,0,3,147,1,0,0,45,42,704,0,0,304,1048,0,0,0,0,0,7,2764,2520,0,279,897,381,438,340,153,0,109,67,283,385,43,122,294,100,293,243,0,69,0,23,37,72,0,0,0,0,0,378,33,3724,0,3072,9,9,0,70,1806,0,0,50,112,0,1023,142,187,0,0,0,0,0,0,0,0,0,0,0,0,0,0,0,0,0,0,0,0,0,0,0,0,0,0,0,0,0,0,0,0
AVL,0,0,0,0,0,0,0,0,0,0,120,0,0,0,0,0,0,0,0,0,0,0,0,0,0,3,0,0,0,0,0,0,0,13,0,0,0,22,20,0,46,51,0,0,81,170,137,100,242,0,8,0,0,0,166,0,75,10,32,268,226,245,280,0,0,0,0,298,225,0,0,0,0,16,0,7,0,23,0,0,0,91,84,0,0,0,0,0,0,0,34,0,2299,0,0,207,269,0,0,27,670,41,93,246,0,0,434,89,133,0,11,105,23,275,835,1,0,193,226,0,0,0,0,0,39,1345,746,0,0,3,418,0,143,0,6,0,239,0,410,0,207,113,24,398,298,72,101,143,32,156,148,0,0,0,0,0,96,0,3575,3072,0,19,38,0,24,790,0,0,40,16,0,2368,19,42,0,0,0,0,0,0,0,0,0,0,0,0,0,0,0,0,0,0,0,0,0,0,0,0,0,0,0,0,0,0,0,0
CEPDL,0,0,0,0,5,0,820,0,0,0,0,0,0,0,0,1,0,0,0,15,0,0,0,46,0,0,0,0,0,0,0,0,3,0,0,0,0,2586,0,0,0,0,0,1069,0,1643,0,0,0,0,0,0,0,0,0,2830,0,1391,0,3038,0,0,0,392,0,0,0,0,0,14,5,0,0,0,0,35,0,9,0,78,8,1,701,28,0,53,0,0,0,0,0,506,35,335,83,355,0,18,0,57,0,505,0,43,1095,0,0,2051,0,11,0,0,0,52,0,198,633,842,59,1081,79,16,0,0,0,0,0,263,1023,0,298,0,0,0,10,445,0,21,826,0,0,0,532,0,0,2927,0,0,0,81,0,120,0,49,0,0,41,0,10,9,19,0,0,0,0,39,0,0,510,618,9,248,724,0,784,473,454,1224,1805,3566,6378,9817,0,0,0,0,0,0,0,0,0,0,0,0,0,0,0,0,0,0,0,0,0,0,0,0
CEPDR,0,0,0,0,0,53,0,704,0,0,0,0,1,0,0,0,20,0,0,0,58,0,0,0,84,0,0,0,0,0,0,0,4,49,0,0,0,0,2430,0,0,0,0,0,1140,0,2186,0,0,0,0,0,0,0,0,0,3574,0,1231,0,2165,0,0,0,157,0,0,37,0,25,121,0,5,0,2,5,130,0,5,85,140,885,34,0,84,38,271,0,16,0,0,699,158,38,431,0,229,0,57,0,30,225,85,0,0,14,0,0,1700,0,109,0,0,9,2,524,193,22,572,60,853,14,0,0,0,3,35,861,363,216,0,0,0,1,0,0,256,861,29,0,0,620,0,0,18,0,1801,0,0,0,85,0,165,37,20,30,0,128,79,9,38,0,0,0,0,92,0,9,455,888,0,283,0,403,0,0,0,0,0,0,0,0,342,1283,1243,1953,1980,6349,4837,11913,0,0,0,0,0,0,0,0,0,0,0,440,0,0,0,0
CEPVL,13,0,0,0,302,0,1943,0,0,0,0,0,0,195,0,17,0,232,0,144,0,169,0,348,0,0,0,0,0,0,39,127,0,400,3,0,0,0,0,0,0,673,0,984,0,0,0,1733,0,0,0,0,0,1027,0,2359,0,436,0,0,0,1014,0,396,0,57,0,2,0,0,238,18,0,0,0,0,3,0,66,0,131,25,582,0,115,297,0,15,0,0,0,506,0,588,104,273,0,55,0,0,0,35,0,106,10,0,0,0,0,67,0,1356,0,0,85,778,0,1188,78,0,229,21,0,0,14,0,0,389,725,0,0,106,0,305,0,0,159,0,0,730,0,25,0,0,796,0,0,799,0,269,0,221,0,0,71,193,0,0,12,0,0,0,0,0,0,0,226,0,841,1071,455,265,760,0,0,0,0,784,0,19,0,0,0,0,0,0,0,0,0,0,1610,37,1144,932,3488,3035,2637,5954,0,0,5,0,0,0,0,0
CEPVR,0,0,0,0,0,7,0,1330,0,0,0,0,0,0,114,0,1,0,212,0,305,0,166,0,147,29,0,0,0,0,315,79,446,0,0,0,0,0,0,0,0,0,1212,0,1183,0,0,0,1883,0,0,0,0,0,366,0,2611,0,429,0,0,0,1052,0,37,0,14,0,0,116,55,0,20,0,0,0,0,47,8,133,0,700,10,50,0,0,104,165,90,0,0,398,22,63,586,0,287,0,162,0,0,243,44,0,0,1053,0,0,0,0,79,0,1264,103,0,0,771,90,809,310,0,0,19,4,35,0,52,471,599,0,0,0,251,0,839,125,65,0,0,0,672,0,5,665,0,0,0,0,1094,0,373,0,279,0,6,282,0,0,0,70,24,0,0,0,0,3,0,265,764,743,0,366,0,398,0,0,0,0,0,0,0,0,0,0,0,131,0,0,0,0,0,0,0,0,0,0,0,0,1904,135,801,3044,2566,3397,2160,4389
DVC,0,0,0,0,0,0,0,0,10,0,632,0,0,0,0,0,0,0,0,0,0,0,0,0,0,0,0,0,0,0,0,0,11,92,26,103,405,49,21,0,25,391,79,43,71,73,64,141,195,159,9,0,69,8,7,103,27,28,45,185,170,310,169,0,12,0,0,529,968,0,0,0,0,363,30,376,505,77,35,35,56,69,298,0,0,0,0,0,6,72,328,0,3618,10,0,260,116,0,0,2206,1425,63,80,19,0,0,69,61,26,26,6,41,146,55,444,0,0,1,14,0,0,3,0,0,0,2054,1667,22,11,55,123,0,2,0,0,0,16,91,21,100,4,18,5,0,0,30,22,79,18,86,27,0,0,0,0,0,146,0,1847,1806,790,39,92,0,3,0,0,0,0,9,6,31,15,3,0,0,0,0,0,0,0,0,0,0,0,0,0,0,0,0,0,0,0,0,0,0,0,0,0,0,0,0,0,0,0,0
PVQL,0,0,1515,0,0,0,272,0,62,0,0,579,0,187,0,1794,0,0,0,7481,0,6270,48,0,0,0,1410,0,282,0,0,0,0,0,0,0,0,8,0,150,0,0,0,33,0,33,0,0,0,0,0,0,0,22,0,140,0,16,0,17,0,0,0,445,0,1964,0,87,0,0,0,105,0,0,0,0,0,35,0,146,215,300,0,48,400,478,0,3,0,0,0,0,0,0,0,0,0,1865,0,0,0,0,2,0,0,0,0,18,0,70,0,0,0,0,0,0,0,0,0,0,0,0,0,0,0,0,0,0,0,0,116,72,0,0,38,0,31,0,5,45,0,0,32,0,0,7,0,0,0,126,0,1784,0,4169,3766,3203,57,7,0,0,0,0,0,226,0,0,0,0,147,0,207,0,1173,0,0,0,0,0,0,0,0,0,0,0,0,0,0,0,0,0,0,0,0,0,0,0,0,0,0,0,0,0,0,0,0,0
PVQR,0,12,0,1321,0,0,0,100,0,34,0,0,674,0,196,10,1688,0,0,351,6943,362,6489,0,0,171,220,1237,0,203,0,9,0,0,0,5,0,0,19,0,23,0,0,0,12,0,38,0,0,8,0,0,0,0,6,0,13,0,70,0,61,0,0,0,709,51,2203,0,296,0,0,0,32,0,8,0,0,0,39,22,113,0,177,337,265,0,1140,0,0,0,0,80,0,0,0,0,0,0,1531,0,0,0,0,79,0,0,0,0,127,0,20,0,0,0,0,14,0,0,0,0,0,0,0,0,0,0,0,0,0,271,0,0,0,139,0,123,0,42,0,0,144,22,0,0,0,0,10,0,0,0,20,8,1912,2686,5094,3661,32,285,0,0,0,0,9,0,265,0,0,0,0,50,0,27,0,1599,0,0,0,0,0,0,0,0,0,0,0,0,0,0,0,0,0,0,0,0,0,0,0,0,0,0,0,0,0,0,0,0
RICL,0,216,0,0,0,0,0,39,86,392,93,0,0,16,0,117,81,0,0,0,0,0,0,0,0,0,0,114,0,23,0,0,0,0,577,158,0,56,76,284,72,257,197,12,23,250,363,488,156,135,196,81,591,1240,1253,1687,2329,663,621,81,13,14,523,777,1564,29,0,0,1,0,0,7,0,5,2,977,693,336,80,283,475,32,0,392,405,158,0,621,306,0,24,2,6,0,0,0,1,105,47,0,0,0,163,179,268,51,0,45,14,31,16,179,153,665,564,36,181,82,141,76,63,0,0,0,67,74,29,2157,1182,742,259,1398,717,882,655,455,1997,488,270,845,88,670,235,109,609,102,42,62,130,0,0,254,0,0,157,170,621,275,63,50,40,510,455,841,764,0,147,0,0,2350,549,70,383,226,0,0,7,0,37,45,0,0,0,0,10,0,62,0,472,0,0,0,1,0,0,84,110,490,0,4,0,88,0,4,0,399
RICR,0,0,0,0,0,0,86,249,183,37,75,0,0,0,72,0,24,0,0,0,0,0,0,0,35,148,0,0,0,0,0,0,0,0,27,474,61,81,228,84,149,122,394,2,60,370,283,188,518,136,281,364,317,742,864,1354,2129,764,782,5,147,126,0,477,847,0,2,48,116,0,0,0,0,12,41,639,1263,192,140,1420,547,0,15,406,279,0,111,216,135,0,3,372,0,47,0,0,0,0,2,0,0,0,105,188,110,25,0,10,85,24,35,177,188,1028,602,214,35,265,220,15,157,0,0,0,0,5,72,1259,2138,195,1114,314,1704,144,892,945,389,201,481,27,683,645,370,303,163,37,183,106,98,0,0,0,368,0,0,0,1,0,114,112,16,618,888,1071,743,9,0,50,2350,0,475,132,126,829,16,0,136,0,508,0,255,0,36,0,222,0,243,0,567,6,12,0,0,16,0,223,6,61,0,0,0,18,147,0,0,0
RID,48,27,39,0,0,145,2254,0,9,0,730,120,0,363,0,207,0,0,0,0,0,0,0,0,166,201,0,0,0,0,19,0,135,132,1081,420,0,0,0,0,0,2,0,0,0,0,394,184,0,0,99,14,258,2612,3,1431,0,6,0,240,60,602,0,292,0,0,0,0,142,660,684,0,36,362,0,795,108,488,2979,1277,4599,288,0,0,2411,366,0,4288,1747,866,0,0,0,0,0,178,48,25,0,100,0,0,192,0,20,0,27,0,17,0,0,0,0,725,161,0,0,0,0,36,0,0,0,0,8,0,0,0,0,11,0,243,0,493,95,722,3504,212,0,276,0,52,0,0,71,12,3,18,0,0,0,280,0,0,140,415,0,728,0,0,0,9,0,455,0,6,207,0,549,475,0,0,505,0,0,0,0,0,0,0,0,0,0,0,0,0,0,0,0,0,0,0,0,0,0,0,0,0,0,0,0,0,0,0,0,0
RIS,0,0,0,0,0,0,0,46,0,0,0,0,0,0,0,7,0,0,0,0,0,0,0,0,6,1009,0,0,0,0,0,0,0,0,34,1882,467,0,1,0,40,0,0,36,101,1,24,116,150,0,214,34,0,0,117,0,35,0,2,155,78,103,152,0,0,1,104,98,121,0,0,221,357,0,2,13,2,137,12,2,1,366,536,725,256,0,555,121,143,0,1,211,124,1,9,659,776,11,296,1,27,167,238,271,0,0,142,25,17,0,3,8,1,356,156,0,102,587,761,21,3,0,12,0,18,209,89,0,23,55,21,38,75,37,0,108,69,42,0,24,315,393,749,724,572,4,26,25,3,69,24,0,173,0,0,0,0,0,889,1023,2368,248,283,265,366,31,0,27,70,132,0,0,69,140,0,0,0,0,0,0,0,0,0,0,0,0,0,0,0,0,0,0,0,0,0,0,0,0,0,0,0,0,0,0,0,0
RMGL,3,0,256,0,0,0,546,0,4786,0,0,0,0,0,0,532,0,0,0,288,0,183,0,0,0,0,25,0,318,0,0,0,0,0,7,0,0,0,0,640,0,0,0,155,0,0,0,0,0,399,698,159,202,291,0,676,0,623,0,0,0,0,0,1109,0,79,0,0,295,0,0,57,0,0,0,152,104,181,1,0,189,660,5,0,459,712,0,50,474,17,0,888,2,15,64,3,0,897,0,174,0,0,12,137,0,0,0,0,0,661,0,0,0,0,511,93,155,604,1317,330,331,0,0,1,0,767,27,878,3900,56,453,517,0,687,313,629,202,157,10,641,0,242,286,0,96,0,0,0,0,155,0,1111,0,17,1460,1904,0,86,200,142,19,724,0,760,0,15,1173,0,383,126,505,69,0,0,0,94,0,743,0,3731,0,6635,0,0,0,0,0,0,0,0,0,420,0,1855,0,4492,0,8124,0,0,0,0,0,0,0,0
RMGR,0,0,0,201,0,0,0,1086,0,2953,6,0,0,0,7,0,553,0,0,0,436,0,225,0,0,276,0,363,0,328,0,0,0,0,15,4,0,0,0,0,531,0,0,0,128,0,22,0,0,510,300,350,139,0,2,0,785,0,871,0,41,0,0,0,1203,0,45,196,0,0,0,0,23,0,7,93,330,150,187,992,0,90,495,892,0,0,1264,565,61,0,70,197,9,98,10,0,53,0,951,0,136,0,60,5,0,0,0,0,0,0,315,0,0,480,16,79,24,963,305,27,479,0,5,0,0,0,950,2467,976,327,61,0,683,379,431,283,548,102,169,0,1077,194,494,215,1,0,0,0,0,0,57,0,1936,0,1321,1594,154,0,237,187,42,0,403,0,398,3,0,1599,226,829,0,140,0,0,0,0,0,0,0,0,0,0,0,23,0,88,0,1438,0,2996,0,0,0,0,0,0,0,0,0,199,0,628,0,1966,0,4724
BWM-DL01,0,0,0,0,0,0,0,0,0,0,0,0,0,0,0,0,0,0,0,0,0,0,0,0,0,0,0,0,0,0,0,0,0,0,0,0,0,126,0,0,0,0,0,0,0,361,0,0,0,0,0,0,0,0,0,0,0,0,0,112,0,0,0,0,0,0,0,0,0,0,0,0,0,0,0,0,0,0,0,0,0,0,0,0,0,0,0,0,0,0,0,0,0,0,0,0,0,0,0,0,0,0,0,0,2195,0,0,1610,0,6,0,0,0,0,0,131,968,0,0,365,0,104,68,0,894,0,0,0,0,0,0,0,0,0,0,0,0,0,650,0,0,8,19,84,10,7221,0,0,0,0,0,0,0,0,0,0,0,0,0,0,0,784,0,0,0,0,0,0,0,16,0,0,0,0,0,4101,17711,803,3801,58,118,0,3170,0,3562,0,1287,0,0,0,0,0,0,0,0,0,0,0,0,0,0,0,0,0,0,0
BWM-DL02,0,0,0,0,0,0,0,0,0,0,0,0,0,0,0,0,0,0,0,0,0,0,0,0,0,0,0,0,0,0,0,0,0,0,0,0,0,2,0,185,0,0,0,0,0,1,0,0,0,0,0,0,0,0,0,18,0,0,0,10,0,0,0,0,0,0,0,0,0,0,0,0,0,0,0,0,0,0,0,0,0,0,0,0,0,0,0,0,0,0,0,0,0,0,0,0,0,0,0,0,0,0,0,0,934,0,0,430,0,745,0,0,0,0,0,12,656,4,4,171,8,2,17,4529,0,0,0,0,347,0,0,0,0,0,0,0,0,0,58,0,0,0,0,0,0,2290,0,102,0,232,0,0,0,0,0,0,0,0,0,0,0,473,0,0,0,0,0,0,0,0,0,0,94,0,4101,0,384,14545,0,4244,0,4803,0,0,0,0,0,0,0,0,0,5294,0,3113,0,0,0,0,0,0,0,0,0,0,0,0
BWM-DL03,0,0,0,0,0,0,0,0,0,0,0,0,0,0,0,0,0,0,0,0,0,0,0,0,0,0,0,0,0,0,0,0,0,0,0,0,0,1,0,0,0,0,0,0,0,41,0,0,0,0,0,0,0,0,0,0,0,0,0,276,0,0,0,0,0,0,0,0,0,0,0,0,0,0,0,0,0,0,0,0,0,0,0,0,0,0,0,0,0,0,0,0,0,0,0,0,0,0,0,0,0,0,0,0,17,0,0,118,0,0,0,0,0,0,0,505,1826,0,0,175,0,496,18,0,1273,0,0,2,31,0,0,0,0,0,0,0,0,0,447,0,0,0,244,202,0,989,0,0,0,0,0,0,0,0,0,0,0,0,0,0,0,454,0,0,0,0,0,0,7,136,0,0,0,0,17711,384,0,0,31695,0,6790,0,1128,0,3639,0,1265,0,0,0,0,0,0,0,0,0,0,0,0,0,0,0,0,0,0,0
BWM-DL04,0,0,0,0,0,0,92,0,37,0,0,0,0,0,0,0,0,0,0,0,0,0,0,0,0,0,0,0,0,0,0,0,0,0,0,0,0,0,0,30,0,0,0,0,0,5,0,0,0,0,0,6,0,0,0,129,0,0,0,51,0,0,0,0,0,0,0,0,0,0,0,0,0,0,0,0,0,0,0,0,0,0,0,0,0,0,0,0,0,0,0,3,0,0,8,0,0,0,0,0,0,0,0,111,30,0,0,182,0,354,0,0,0,0,0,0,1857,93,600,147,9,0,0,1262,0,0,0,0,775,0,19,0,0,0,0,233,0,0,368,0,0,0,22,0,0,364,0,0,0,1042,0,0,0,0,0,0,0,0,0,0,0,1224,0,784,0,0,0,0,0,0,0,0,743,0,803,14545,0,0,0,26171,0,12831,0,0,0,0,0,0,0,0,0,459,0,3293,0,0,0,0,0,0,0,0,0,0,0,0
BWM-DL05,0,0,0,0,0,0,0,0,0,0,0,0,0,0,0,0,0,0,0,0,0,0,0,0,0,0,0,0,0,0,0,0,0,0,0,0,0,0,0,0,0,0,0,0,0,0,0,0,0,0,0,0,0,0,0,0,0,0,0,14,0,0,0,0,0,0,0,0,0,0,0,0,0,0,0,0,0,0,0,0,0,0,0,0,0,0,0,0,0,0,0,0,0,47,0,0,0,0,0,0,0,0,0,0,0,0,0,6,0,0,0,0,0,0,10,652,2229,0,0,366,13,1518,0,0,365,0,0,120,281,0,0,0,0,0,0,57,38,8,976,0,0,158,520,14,19,0,0,0,0,0,0,0,0,0,0,0,0,0,0,0,0,1805,0,0,0,0,0,0,37,508,0,0,0,0,3801,0,31695,0,0,0,47718,0,481,0,1515,0,582,0,0,0,0,0,0,0,0,0,0,0,0,0,0,0,0,0,0,0
BWM-DL06,0,0,0,0,0,0,404,0,964,0,0,0,0,0,0,0,0,0,0,0,0,0,0,0,0,0,0,0,0,0,0,0,0,0,0,0,0,0,0,0,0,0,0,0,0,0,0,0,0,0,0,438,0,0,0,1147,0,0,0,51,0,0,0,0,0,0,0,0,0,0,0,0,0,0,0,0,0,0,0,0,0,0,0,0,0,0,0,0,0,0,0,1,0,0,31,0,0,0,0,0,0,0,0,266,0,0,0,3,0,30,0,0,0,0,0,0,2103,395,888,3,101,0,0,0,0,0,0,0,801,0,97,0,0,0,0,448,0,0,176,0,0,0,71,0,0,35,0,0,0,685,0,0,0,0,0,0,0,0,0,0,0,3566,0,19,0,0,0,0,45,0,0,0,3731,0,58,4244,0,26171,0,0,0,42234,0,0,0,0,0,0,0,0,0,14,0,946,0,0,0,0,0,0,0,0,0,0,0,0
BWM-DL07,0,0,0,0,0,0,0,0,0,0,0,0,0,0,0,0,0,0,0,0,0,0,0,0,0,0,0,0,0,0,0,0,0,0,0,0,0,0,0,0,0,0,0,0,0,0,0,0,0,0,0,0,0,0,0,0,0,0,0,0,0,0,0,0,0,0,0,0,0,0,0,0,0,0,0,0,0,0,0,0,0,0,0,0,0,0,0,0,0,0,0,0,0,16,0,0,0,0,0,0,0,0,0,0,0,0,0,0,0,0,0,0,0,0,27,3,2335,0,0,1867,164,1447,0,0,0,0,0,0,41,0,0,0,0,0,0,398,912,593,1835,0,0,7,1296,0,0,0,0,0,0,0,0,0,0,0,0,0,0,0,0,0,0,6378,0,0,0,0,0,0,0,255,0,0,0,0,118,0,6790,0,47718,0,0,0,0,0,2,0,0,0,0,0,0,0,0,0,0,0,0,0,0,0,0,0,0,0,0,0
BWM-DL08,0,0,0,0,0,0,49,0,1,0,0,0,0,0,0,0,0,0,0,0,0,0,0,0,0,0,0,0,0,0,0,0,0,0,0,0,0,0,0,0,0,0,0,0,0,6,0,0,0,0,0,0,0,0,0,1075,0,0,0,0,0,0,0,0,0,0,0,0,0,0,0,0,0,0,0,0,0,0,0,0,0,0,0,0,0,0,0,0,0,0,0,331,0,0,0,0,0,0,0,0,0,0,0,17,0,0,0,25,0,0,0,0,0,0,0,5,896,115,236,3,91,0,0,0,0,0,0,0,987,0,0,0,0,0,0,726,0,0,241,0,0,0,0,0,0,0,0,0,0,0,0,0,0,0,0,0,0,0,0,0,0,9817,0,0,0,0,0,0,0,0,0,0,6635,0,0,4803,0,12831,0,42234,0,0,0,0,0,0,0,0,0,0,0,0,0,0,0,0,0,0,0,0,0,0,0,0,0,0
BWM-DR01,0,0,0,0,0,0,0,0,0,0,0,0,0,0,0,0,0,0,0,0,0,0,0,0,0,0,0,0,0,0,0,0,0,0,0,0,0,0,157,0,0,0,0,0,27,0,86,0,0,0,0,0,0,0,0,0,0,0,0,0,65,0,0,0,0,0,0,0,0,0,0,0,0,0,0,0,0,0,0,0,0,0,0,0,0,0,0,0,0,0,0,0,0,0,0,0,0,0,0,0,0,0,0,0,0,2202,0,0,1832,0,6,0,0,0,0,456,138,0,0,0,218,440,44,30,691,0,0,0,0,0,0,0,0,0,0,0,0,555,0,0,0,50,0,0,84,0,7177,0,0,0,0,0,0,0,0,0,0,0,0,0,0,0,342,0,0,0,0,0,0,36,0,0,0,0,3170,0,1128,0,481,0,0,0,0,1493,23603,8,10735,0,4334,0,0,0,0,0,0,0,0,0,0,0,0,0,0,0,0,0
BWM-DR02,0,0,0,0,0,0,0,0,0,0,0,0,0,0,0,0,0,0,0,0,0,0,0,0,0,0,0,0,0,0,0,0,0,0,0,0,0,0,0,0,31,0,0,0,0,0,63,0,0,0,0,0,0,0,0,0,178,0,0,0,0,0,0,0,0,0,0,0,0,0,0,0,0,0,0,0,0,0,0,0,0,0,0,0,0,0,0,0,0,0,0,4,0,0,0,0,0,0,0,0,0,0,0,0,0,298,0,0,841,0,1239,0,0,0,0,750,7,98,110,36,292,15,3313,53,25,0,0,665,0,0,0,0,0,0,0,0,47,140,0,0,0,0,0,0,0,0,888,0,0,0,56,0,0,0,0,0,0,0,0,0,0,0,1283,0,0,0,0,0,0,0,0,0,0,23,0,0,0,0,0,0,0,0,1493,0,171,16359,0,9476,0,5344,0,0,0,0,0,0,0,0,0,5174,0,929,0,0,0,0
BWM-DR03,0,0,0,0,0,0,0,0,0,0,0,0,0,0,0,0,0,0,0,0,0,0,0,0,0,0,0,0,0,0,0,0,0,0,0,0,0,0,1,0,0,0,0,0,75,0,22,0,0,0,0,0,0,0,0,0,0,0,0,0,614,0,0,0,0,0,0,0,0,0,0,0,0,0,0,0,0,0,0,0,0,0,0,0,0,0,0,0,0,0,0,0,0,0,0,0,0,0,0,0,0,0,0,0,0,39,0,0,266,0,0,0,0,32,14,1497,476,0,0,11,266,1009,213,1,1640,0,0,5,18,0,0,0,0,0,0,0,0,758,0,0,0,302,6,10,130,0,718,0,0,0,0,0,0,0,0,0,0,0,0,0,0,0,1243,0,0,0,0,0,10,222,0,0,0,0,3562,0,3639,0,1515,0,2,0,23603,171,0,0,33320,0,17358,0,0,0,0,0,0,0,0,0,0,0,0,0,0,0,0,0
BWM-DR04,0,0,0,0,0,0,0,10,0,178,0,0,0,0,0,0,0,0,0,0,0,0,0,0,0,0,0,0,0,0,0,0,0,0,0,0,0,0,0,0,144,0,0,0,13,0,45,0,0,0,0,0,3,0,0,0,474,0,2,0,0,0,0,0,0,0,0,0,0,0,0,0,0,0,0,0,0,0,0,0,0,0,0,0,0,0,0,0,0,0,0,0,0,53,0,0,0,0,0,0,0,0,86,0,0,2,0,0,168,0,267,0,0,0,0,1255,0,719,138,11,224,0,1634,0,0,0,0,1379,0,19,0,0,0,0,0,0,117,144,0,0,0,12,0,0,0,0,605,0,0,0,1079,0,0,0,0,0,0,0,0,0,0,0,1953,0,131,0,0,0,0,0,0,0,0,88,0,0,0,0,0,0,0,0,8,16359,0,0,0,18233,0,5498,0,0,0,0,0,0,0,0,0,223,0,6258,0,0,0,0
BWM-DR05,0,0,0,0,0,0,0,0,0,0,0,0,0,0,0,0,0,0,0,0,0,0,0,0,0,0,0,0,0,0,0,0,0,0,0,0,0,0,0,0,0,0,0,0,1,0,0,0,0,0,0,0,0,0,0,0,0,0,0,0,332,0,0,0,0,0,0,0,0,0,0,0,0,0,0,0,0,0,0,0,0,0,0,0,0,0,0,0,0,0,0,0,0,83,2,0,0,0,0,0,0,0,0,0,0,0,0,0,0,0,0,0,0,99,22,2330,992,0,0,32,518,1561,0,0,685,0,0,0,52,0,0,0,0,0,0,0,17,965,0,0,0,619,0,0,5,0,0,0,0,0,0,0,0,0,0,0,0,0,0,0,0,0,1980,0,0,0,0,0,62,243,0,0,0,0,1287,0,1265,0,582,0,0,0,10735,0,33320,0,0,0,61847,0,0,0,0,0,0,0,0,0,0,0,0,0,0,0,0,0
BWM-DR06,0,0,0,0,0,0,0,4,0,1005,0,0,0,0,0,0,0,0,0,0,0,0,0,0,0,0,0,0,0,0,0,0,0,0,0,0,0,0,0,0,0,0,0,0,0,0,0,0,0,0,0,0,267,0,0,0,1405,0,5,0,0,0,0,0,0,0,0,0,0,0,0,0,0,0,0,0,0,0,0,0,0,0,0,0,0,0,2,0,0,0,0,148,0,133,0,0,0,0,0,0,0,0,374,0,0,0,0,0,0,0,2,0,0,0,0,1373,4,803,421,11,15,0,0,0,0,0,0,213,0,46,0,0,0,0,0,0,233,59,0,0,0,3,0,0,0,0,0,0,0,0,0,0,0,0,0,0,0,0,0,0,0,0,6349,0,0,0,0,0,0,0,0,0,0,1438,0,0,0,0,0,0,0,0,0,9476,0,18233,0,0,0,49604,0,0,0,0,0,0,0,0,0,5,0,273,0,0,0,0
BWM-DR07,0,0,0,0,0,0,0,0,0,0,0,0,0,0,0,0,0,0,0,0,0,0,0,0,0,0,0,0,0,0,0,0,0,0,0,0,0,0,0,0,0,0,0,0,0,0,0,0,0,0,0,0,0,0,0,0,0,0,0,0,8,0,0,0,0,0,0,0,0,0,0,0,0,0,0,0,0,0,0,0,0,0,0,0,0,0,0,0,0,0,0,0,0,118,13,0,0,0,0,0,0,0,0,0,0,0,0,0,0,0,0,0,0,461,15,2608,609,0,0,29,1331,1060,0,0,51,0,0,53,381,0,0,0,0,0,3,0,267,1572,15,0,0,77,0,0,0,0,0,0,0,0,0,0,0,0,0,0,0,0,0,0,0,0,4837,0,0,0,0,0,472,567,0,0,0,0,0,0,0,0,0,0,0,0,4334,0,17358,0,61847,0,0,0,0,0,0,0,0,0,0,0,0,0,0,0,0,0,0,0
BWM-DR08,0,0,0,0,0,0,0,43,0,208,0,0,0,0,0,0,0,0,0,0,0,0,0,0,0,0,0,0,0,0,0,0,0,0,0,0,0,0,0,0,0,0,0,0,0,0,108,0,0,0,0,0,103,0,0,0,3008,0,4,0,0,0,0,0,0,0,0,0,0,0,0,0,0,0,0,0,0,0,0,0,19,0,0,0,0,0,221,0,0,0,0,392,0,101,7,0,0,0,0,0,0,0,973,0,0,0,0,0,1,0,0,0,0,0,0,419,7,338,933,8,0,0,0,0,0,0,0,365,0,1,0,0,0,0,0,0,846,197,0,0,0,9,0,0,0,0,0,0,0,0,0,0,0,0,0,0,0,0,0,0,0,0,11913,0,0,0,0,0,0,6,0,0,0,2996,0,0,0,0,0,0,0,0,0,5344,0,5498,0,49604,0,0,0,0,0,0,0,0,0,0,0,0,0,0,0,0,0,0
BWM-VL01,0,0,0,0,0,0,0,0,0,0,0,0,0,0,0,0,0,0,0,0,0,0,0,0,0,0,0,0,0,0,0,0,0,0,0,0,0,0,0,0,0,406,0,5,0,0,0,363,0,0,0,0,0,0,0,0,0,0,0,0,0,14,0,0,0,0,0,0,0,0,0,0,0,0,0,0,0,0,0,0,0,0,0,0,0,0,0,0,0,0,0,0,0,0,0,0,0,0,0,0,0,0,0,0,1554,0,0,0,0,3,0,1628,0,0,0,355,0,0,0,94,647,1608,68,44,215,0,0,0,0,0,0,0,0,0,0,0,0,0,0,580,0,152,20,18,221,0,0,8059,0,0,0,0,0,0,0,0,0,0,0,0,0,0,0,1610,0,0,0,0,0,12,0,0,0,0,0,0,0,0,0,0,0,0,0,0,0,0,0,0,0,0,0,5004,13456,67,3572,0,237,24,1828,0,1457,0,897,0,0,0
BWM-VL02,0,0,0,0,0,0,0,0,0,0,0,0,0,0,0,0,0,0,0,0,0,0,0,0,0,0,0,0,0,0,0,0,0,0,0,0,0,0,0,1,0,136,0,0,0,0,0,0,0,0,0,0,0,0,0,0,0,0,0,13,0,0,0,0,0,0,0,0,0,0,0,0,0,0,0,0,0,0,0,0,0,0,0,0,0,0,0,0,0,0,0,0,0,0,0,0,0,0,0,0,0,0,0,0,1520,0,0,0,0,1346,0,735,0,0,0,379,50,94,48,32,752,0,124,3451,1,0,0,0,355,0,0,0,0,4,0,0,0,0,0,153,0,0,0,0,0,13,0,4991,0,34,0,0,0,0,0,0,0,0,0,0,0,0,0,37,0,0,0,0,0,0,0,0,420,0,0,5294,0,459,0,14,0,0,0,0,0,0,0,0,0,0,5004,0,25,16148,0,5542,0,1302,0,0,0,0,0,0,0,0
BWM-VL03,0,0,0,0,0,0,0,0,0,0,0,0,0,0,0,0,0,0,0,0,0,0,0,0,0,0,0,0,0,0,0,0,0,0,0,0,0,0,0,0,0,16,0,29,0,0,0,396,0,0,0,0,0,0,0,0,0,0,0,0,0,312,0,0,0,0,0,0,0,0,0,0,0,0,0,0,0,0,0,0,0,0,0,0,0,0,0,0,0,0,0,0,0,0,0,0,0,0,0,0,0,0,0,0,23,0,0,0,0,0,0,190,0,0,0,102,0,0,0,378,1840,1317,0,33,371,0,0,6,0,0,0,0,0,0,0,0,0,0,0,999,0,118,50,59,466,0,0,109,0,0,0,0,0,0,0,0,0,0,0,0,0,0,0,1144,0,0,0,0,1,0,0,0,0,0,0,0,0,0,0,0,0,0,0,0,0,0,0,0,0,0,13456,25,0,0,31495,0,10925,0,989,0,2765,0,2169,0,0,0
BWM-VL04,0,0,0,0,0,0,0,0,0,0,0,0,0,0,0,0,0,0,0,0,0,0,0,0,0,0,0,0,0,0,0,0,0,0,0,0,0,0,0,6,0,0,0,0,0,0,0,27,0,0,0,0,16,0,0,0,0,0,0,0,0,0,0,0,0,0,0,0,0,0,0,0,0,0,0,0,0,0,0,0,0,0,0,0,0,0,0,0,0,0,0,0,0,0,78,0,0,0,0,0,0,0,0,146,2,0,0,0,0,756,0,11,0,0,95,208,0,597,477,0,1452,0,0,2651,0,0,0,0,873,0,0,2,0,130,0,0,0,0,0,582,0,11,0,0,100,0,0,419,0,1246,0,0,0,0,0,0,0,0,0,0,0,0,0,932,0,0,0,0,0,16,0,0,1855,0,0,3113,0,3293,0,946,0,0,0,0,0,0,0,0,0,0,67,16148,0,0,0,29894,0,13619,0,0,0,0,0,0,0,0
BWM-VL05,0,0,0,0,0,0,0,0,0,0,0,0,0,0,0,0,0,0,0,0,0,0,0,0,0,0,0,0,0,0,0,0,0,0,0,0,0,0,0,0,0,0,0,0,0,0,0,142,0,292,0,0,0,0,0,0,0,0,0,0,0,26,0,0,0,0,0,0,0,0,0,0,0,0,0,0,0,0,0,0,0,0,0,0,0,0,0,0,0,0,0,0,0,20,33,0,0,0,0,0,0,0,0,0,0,0,0,0,0,0,0,0,0,0,544,392,0,0,0,616,2590,150,0,0,686,0,0,0,0,0,0,0,0,182,0,0,0,0,0,1926,0,4,0,0,680,0,0,0,0,0,0,0,0,0,0,0,0,0,0,0,0,0,0,3488,0,0,0,0,0,0,0,0,0,0,0,0,0,0,0,0,0,0,0,0,0,0,0,0,0,0,3572,0,31495,0,0,0,61807,0,77,0,373,0,1146,0,0,0
BWM-VL06,0,0,0,0,0,0,0,0,0,0,0,0,0,0,0,0,0,0,0,0,0,0,0,0,0,0,0,0,0,0,0,0,0,0,0,0,0,0,0,0,0,0,0,0,0,0,0,63,0,130,0,0,71,0,0,53,0,0,0,0,0,0,0,1,0,0,0,0,0,0,0,0,0,0,0,0,0,0,0,0,0,0,0,0,0,0,0,0,0,0,0,0,0,0,44,0,0,0,0,0,0,0,0,530,0,0,0,0,0,11,0,0,0,0,707,28,0,732,1055,0,1637,0,0,0,0,0,0,0,358,0,0,77,0,421,0,0,0,0,0,821,0,49,0,0,633,0,0,0,0,0,0,0,0,0,0,0,0,0,0,0,0,0,0,3035,0,0,0,0,84,223,0,0,4492,0,0,0,0,0,0,0,0,0,0,0,0,0,0,0,0,0,0,5542,0,29894,0,0,0,62502,0,0,0,0,0,0,0,0
BWM-VL07,0,0,0,0,0,0,0,0,0,0,0,0,0,0,0,0,0,0,0,0,0,0,0,0,0,0,0,0,0,0,0,0,0,0,0,0,0,0,0,0,0,0,0,0,0,0,0,0,0,924,0,0,0,0,0,0,0,0,0,0,0,0,0,0,0,0,0,0,0,0,0,0,0,0,0,0,0,0,0,0,0,0,0,0,0,0,0,0,0,0,0,0,0,3,19,0,0,0,0,0,0,0,0,0,0,0,0,0,0,0,0,0,0,317,1857,342,0,0,0,197,2228,0,0,0,1172,0,0,158,0,0,0,195,0,62,0,0,0,0,0,2090,0,0,0,0,46,0,0,0,0,0,0,0,0,0,0,0,0,0,0,0,0,0,0,2637,0,0,0,0,110,6,0,0,0,0,0,0,0,0,0,0,0,0,0,0,0,0,0,0,0,0,237,0,10925,0,61807,0,0,0,0,0,0,0,255,0,0,0
BWM-VL08,0,0,0,0,0,0,0,0,0,0,0,0,0,0,0,0,0,0,0,0,0,0,0,0,0,0,0,0,0,0,0,0,0,0,0,0,0,0,0,0,0,0,0,0,0,0,0,69,0,25,0,0,26,0,0,738,0,0,0,0,0,0,0,0,0,0,0,0,0,0,0,0,0,0,0,0,0,0,0,0,0,0,0,0,0,0,0,0,0,0,0,0,0,0,0,0,0,0,0,0,0,0,0,217,0,0,0,0,0,0,0,0,0,0,1182,0,0,297,1048,0,293,0,0,0,0,0,0,30,595,0,0,996,0,2646,0,0,0,0,0,1573,0,62,0,0,135,0,0,0,0,0,0,0,0,0,0,0,0,0,0,0,0,0,0,5954,0,0,0,0,490,61,0,0,8124,0,0,0,0,0,0,0,0,0,0,0,0,0,0,0,0,0,24,1302,0,13619,0,62502,0,0,0,0,0,0,0,0,0,0
BWM-VR01,0,0,0,0,0,0,0,0,0,0,0,0,0,0,0,0,0,0,0,0,0,0,0,0,0,0,0,0,0,0,0,0,0,0,0,0,0,0,0,0,0,0,89,0,33,0,0,0,310,0,0,0,0,0,0,0,0,0,0,0,0,0,110,0,0,0,0,0,0,0,0,0,0,0,0,0,0,0,0,0,0,0,0,0,0,0,0,0,0,0,0,0,0,0,0,0,0,0,0,0,0,0,0,0,0,1520,0,0,0,0,126,0,1879,0,0,0,238,0,0,539,110,1345,35,103,108,0,0,0,0,0,0,0,0,0,0,0,0,0,0,0,389,17,76,125,1,0,0,0,9625,0,0,0,0,0,0,0,0,0,0,0,0,0,0,0,1904,0,0,0,0,0,0,0,0,0,0,0,0,0,0,0,0,0,0,0,0,0,0,0,0,0,1828,0,989,0,77,0,0,0,0,2762,10239,91,1202,14,0,0
BWM-VR02,0,0,0,0,0,0,0,0,0,0,0,0,0,0,0,0,0,0,0,0,0,0,0,0,0,0,0,0,0,0,0,0,0,0,0,0,0,0,0,0,15,0,7,0,0,0,0,0,0,0,0,0,0,0,0,0,6,0,34,0,0,0,0,0,2,0,0,0,0,0,0,0,0,0,0,0,0,0,0,0,0,0,0,0,0,0,0,0,0,0,0,0,0,0,0,0,0,0,0,0,0,0,0,0,0,372,0,0,0,0,1870,0,246,0,0,17,261,106,171,921,15,0,2705,67,22,0,46,618,0,0,0,0,0,0,22,0,0,0,0,0,184,0,0,0,0,0,29,0,2475,0,5,0,0,0,0,0,0,0,0,0,0,0,0,0,135,0,0,0,4,0,0,0,0,199,0,0,0,0,0,0,0,0,0,5174,0,223,0,5,0,0,0,0,0,0,0,0,0,0,2762,0,91,12086,0,3932,0,2295
BWM-VR03,0,0,0,0,0,0,0,0,0,0,0,0,0,0,0,0,0,0,0,0,0,0,0,0,0,0,0,0,0,0,0,0,0,0,0,0,0,0,0,0,0,0,437,0,10,0,0,0,168,0,0,0,0,0,0,0,0,0,0,0,0,98,522,0,0,0,0,0,0,0,0,0,0,0,0,0,0,0,0,0,0,0,0,0,0,0,0,0,0,0,0,0,0,0,0,0,0,0,0,0,0,16,0,0,0,109,0,0,0,0,0,0,113,3,0,0,74,0,0,1166,422,2061,91,122,607,0,0,0,0,0,0,0,0,0,0,0,0,0,0,0,404,6,145,457,17,0,0,0,2102,0,0,0,0,0,0,0,0,0,0,0,0,0,0,5,801,0,0,0,0,0,0,0,0,0,0,0,0,0,0,0,0,0,0,0,0,0,0,0,0,0,1457,0,2765,0,373,0,0,0,10239,91,0,0,18088,0,8396,0
BWM-VR04,0,0,0,0,0,0,0,0,0,0,0,0,0,0,0,0,0,0,0,0,0,0,0,0,0,0,0,0,0,0,0,0,0,0,0,0,0,0,0,0,57,0,0,0,95,0,0,0,46,0,0,0,0,0,0,0,580,0,232,0,0,0,0,0,18,0,0,0,0,0,0,0,0,0,0,0,0,0,0,0,0,0,0,0,0,0,0,0,0,0,0,0,0,33,0,0,0,0,0,0,0,0,98,0,0,4,0,0,0,0,462,0,2,137,0,10,114,700,685,1005,0,0,1071,0,0,0,63,1327,0,0,0,0,8,0,57,0,1,0,0,0,370,0,0,46,0,0,0,0,222,0,997,0,0,0,0,0,0,0,0,0,0,0,440,0,3044,0,0,0,88,18,0,0,0,628,0,0,0,0,0,0,0,0,0,929,0,6258,0,273,0,0,0,0,0,0,0,0,0,0,91,12086,0,0,0,24497,0,15300
BWM-VR05,0,0,0,0,0,0,0,0,0,0,0,0,0,0,0,0,0,0,0,0,0,0,0,0,0,0,0,0,0,0,0,0,0,0,0,0,0,0,0,0,0,0,0,0,0,0,0,0,15,0,46,0,0,0,0,0,0,0,0,0,0,0,723,0,0,0,0,0,0,0,0,0,0,0,0,0,0,0,0,0,0,0,0,0,0,0,0,0,0,0,0,0,0,49,3,0,0,0,0,0,0,0,0,0,0,2,0,0,0,0,0,0,6,638,0,0,760,38,0,2405,744,815,29,66,715,0,0,0,4,0,0,0,55,0,6,0,0,0,0,0,1283,0,75,560,0,0,0,0,0,0,0,0,0,0,0,0,0,0,0,0,0,0,0,0,2566,0,0,0,0,147,0,0,0,0,0,0,0,0,0,0,0,0,0,0,0,0,0,0,0,0,897,0,2169,0,1146,0,255,0,1202,0,18088,0,0,0,48550,0
BWM-VR06,0,0,0,0,0,0,0,0,0,0,0,0,0,0,0,0,0,0,0,0,0,0,0,0,0,0,0,0,0,0,0,0,0,0,0,0,0,0,0,0,0,0,0,0,0,0,0,0,164,0,342,3,0,0,0,0,890,0,80,0,0,0,0,0,17,0,0,0,0,0,0,0,0,0,0,0,0,0,0,0,0,0,0,0,0,0,0,0,0,0,0,0,0,128,0,0,0,0,0,0,0,0,497,0,0,108,0,0,0,0,3,0,0,625,0,0,18,745,612,764,0,0,0,0,0,0,122,513,47,0,0,0,38,0,393,0,0,0,0,0,415,0,7,350,0,0,0,0,0,0,0,0,0,0,0,0,0,0,30,0,0,0,0,0,3397,0,0,0,4,0,0,0,0,1966,0,0,0,0,0,0,0,0,0,0,0,0,0,0,0,0,0,0,0,0,0,0,0,0,14,3932,0,24497,0,0,0,53381
BWM-VR07,0,0,0,0,0,0,0,0,0,0,0,0,0,0,0,0,0,0,0,0,0,0,0,0,0,0,0,0,0,0,0,0,0,0,0,0,0,0,0,0,0,0,0,0,0,0,0,0,0,0,627,0,0,0,0,0,0,0,0,0,0,0,3,0,0,0,0,0,0,0,0,0,0,0,0,0,0,0,0,0,0,0,0,0,0,0,0,0,0,0,0,0,0,84,0,0,0,0,0,0,0,0,0,0,0,0,0,0,0,0,0,0,0,3161,0,0,986,218,0,1862,27,0,0,0,701,0,0,0,0,0,0,0,12,0,0,0,0,0,0,0,1304,0,0,83,0,0,0,0,0,0,0,0,0,0,0,0,0,0,0,0,0,0,0,0,2160,0,0,0,0,0,0,0,0,0,0,0,0,0,0,0,0,0,0,0,0,0,0,0,0,0,0,0,0,0,0,0,0,0,0,0,8396,0,48550,0,0,0
BWM-VR08,0,0,0,0,0,0,0,0,0,0,0,0,0,0,0,0,0,0,0,0,0,0,0,0,0,0,0,0,0,0,0,0,0,0,0,0,0,0,0,0,0,0,0,0,0,0,0,0,0,0,114,0,0,0,0,0,1212,0,263,0,0,0,0,0,86,0,0,0,0,0,0,0,0,0,0,0,0,0,0,0,0,0,0,0,0,0,0,0,0,0,0,0,0,212,0,0,0,0,0,0,0,0,432,0,0,0,0,0,0,0,0,0,0,719,0,0,0,541,1601,20,0,0,0,0,0,0,217,687,4,0,0,0,361,0,2088,0,0,0,0,0,1705,0,0,60,0,0,0,0,0,0,0,0,0,0,0,0,0,0,0,0,0,0,0,0,4389,0,0,0,399,0,0,0,0,4724,0,0,0,0,0,0,0,0,0,0,0,0,0,0,0,0,0,0,0,0,0,0,0,0,0,2295,0,15300,0,53381,0,0
